1 -6.079085350036621 6.569728851318359
1 -5.839244842529297 6.340230941772461
1 -5.20676326751709 6.02730655670166
1 -5.479297637939453 6.142690658569336
1 -5.787060260772705 6.326865196228027
1 -5.3438191413879395 6.041189193725586
1 -5.851350784301758 6.355764865875244
1 -6.03585147857666 6.559019088745117
1 -5.963076591491699 6.4936041831970215
1 -4.912637710571289 5.370278358459473
1 -6.101922512054443 6.5773701667785645
1 -4.865705490112305 5.518855571746826
1 -6.215924263000488 6.592098712921143
0 6.178901195526123 -6.904494762420654
0 6.164843559265137 -6.788706302642822
0 6.241751670837402 -6.853519439697266
0 6.221741199493408 -6.807041168212891
0 6.241322040557861 -6.903336048126221
1 -6.03052282333374 6.537145137786865
1 -6.230212211608887 6.592454433441162
1 -6.217743396759033 6.610533237457275
1 -6.2420334815979 6.610234260559082
1 -6.0788164138793945 6.554910182952881
1 -5.813299655914307 6.254254341125488
1 -5.574464321136475 6.172415733337402
1 -6.231903076171875 6.622289180755615
1 -5.978487014770508 6.407659530639648
1 -4.78755521774292 5.28562593460083
1 -3.6564900875091553 4.043765068054199
1 -6.1945648193359375 6.692500591278076
1 -5.890064716339111 6.462601661682129
1 -5.781824588775635 6.388889789581299
1 -6.221782207489014 6.5893073081970215
1 -6.167163848876953 6.576284408569336
1 -6.0913004875183105 6.501806259155273
1 -6.264591693878174 6.655669689178467
1 -6.2113118171691895 6.627773284912109
1 -6.057673931121826 6.5223188400268555
1 -6.118186950683594 6.564787864685059
1 -6.231903076171875 6.622289180755615
1 -6.215573310852051 6.618086814880371
1 -5.584044933319092 6.129645347595215
1 -6.168391227722168 6.615594863891602
1 -4.707200527191162 5.24929666519165
1 -6.12712287902832 6.581784248352051
1 -6.115746021270752 6.596148490905762
1 -6.011829853057861 6.417361259460449
1 -1.4913434982299805 1.2381895780563354
1 -6.162328720092773 6.688253879547119
1 -6.250796794891357 6.667508602142334
1 -6.1335954666137695 6.6230645179748535
1 -6.24591588973999 6.624114990234375
1 -6.200952053070068 6.674968242645264
1 -2.6002962589263916 3.070009708404541
1 -6.151165962219238 6.630517959594727
1 -6.125601291656494 6.62262487411499
1 -6.028468608856201 6.513518333435059
1 -6.118376731872559 6.558705806732178
1 -6.245733737945557 6.578726291656494
1 -6.177024841308594 6.541874408721924
1 -5.193143367767334 5.789793491363525
1 -6.201613903045654 6.615661144256592
1 -6.024801254272461 6.563536167144775
1 -5.867335319519043 6.477402210235596
1 -6.236030578613281 6.5697407722473145
1 -5.6647629737854 6.175325393676758
1 -4.790234088897705 5.236754894256592
1 -4.8432936668396 4.984182834625244
1 -6.042502403259277 6.49505615234375
1 -6.239788055419922 6.636002063751221
1 -6.275643825531006 6.622281551361084
1 -5.602783203125 6.120327949523926
1 -6.203442573547363 6.615212440490723
1 -6.110674858093262 6.563376426696777
1 -6.092405796051025 6.501986980438232
1 -6.1797590255737305 6.573841571807861
1 -5.8078460693359375 6.399229049682617
1 -6.058313369750977 6.590053081512451
1 -6.229166507720947 6.6328582763671875
1 -6.154857635498047 6.6290411949157715
1 -6.223970413208008 6.6550984382629395
1 -6.257254123687744 6.62540864944458
1 -6.237735271453857 6.663666725158691
1 -6.254771709442139 6.700648307800293
1 -6.224041938781738 6.5924224853515625
1 -6.226355075836182 6.628561019897461
1 -6.0707316398620605 6.522951602935791
1 -5.671762466430664 6.218677043914795
1 -2.427915334701538 2.6306042671203613
1 -6.027886390686035 6.464393615722656
1 -6.202393054962158 6.660120964050293
1 -6.056697845458984 6.6600341796875
1 -6.056697845458984 6.6600341796875
1 -6.239696025848389 6.622138500213623
1 -6.212546348571777 6.654804706573486
1 -6.2136335372924805 6.603230953216553
1 -5.671762466430664 6.218677043914795
1 -6.175958156585693 6.501069068908691
1 -6.176856517791748 6.542575359344482
1 -6.207827568054199 6.6390700340271
1 -5.806657314300537 6.341772079467773
1 -6.202356338500977 6.601231098175049
1 -6.208078384399414 6.6337571144104
1 -5.3281025886535645 5.646389007568359
1 -6.108150482177734 6.479425430297852
1 -6.2386884689331055 6.592552185058594
1 -5.881277084350586 6.419137954711914
1 -5.90357780456543 6.410750389099121
1 -5.92509651184082 6.4777374267578125
1 -6.15622091293335 6.50443172454834
1 -6.15318489074707 6.662815093994141
1 -6.201455116271973 6.653947830200195
1 -6.127669334411621 6.528263568878174
1 -6.267416477203369 6.623164653778076
1 -5.193143367767334 5.789793491363525
1 -5.988277912139893 6.466730117797852
1 -6.244446754455566 6.602642059326172
1 -5.553555011749268 6.098268985748291
1 -6.142331123352051 6.616305351257324
1 -6.228338241577148 6.60551118850708
1 -6.13918399810791 6.55427885055542
1 -6.254630088806152 6.6697845458984375
1 -6.168391227722168 6.615594863891602
1 -6.0973687171936035 6.548346042633057
1 -6.13029146194458 6.595785617828369
1 -6.089926719665527 6.496755599975586
1 -6.25571346282959 6.633216857910156
1 -1.990927815437317 2.225527763366699
1 -6.116728782653809 6.489331245422363
1 -5.970521926879883 6.425169944763184
1 -6.181528568267822 6.625830173492432
1 -6.177948474884033 6.618206024169922
1 -5.92509651184082 6.4777374267578125
1 -6.095536708831787 6.498963356018066
1 -6.156723976135254 6.598785400390625
1 -5.056244373321533 5.39318323135376
1 -5.978415012359619 6.544154167175293
1 -5.566048622131348 6.013339042663574
1 -5.602783203125 6.120327949523926
1 -6.166511535644531 6.608059883117676
1 -6.1890716552734375 6.589856147766113
1 -5.644305229187012 6.16104793548584
1 -6.202356338500977 6.601231098175049
1 -5.984433650970459 6.537210941314697
1 -6.229251861572266 6.599878311157227
1 -6.059544563293457 6.568113803863525
1 -5.644305229187012 6.16104793548584
1 -6.117920398712158 6.641630172729492
1 -6.21825647354126 6.692696571350098
1 -6.223590850830078 6.615680694580078
1 -6.061601638793945 6.580673694610596
1 -6.205031871795654 6.628154754638672
1 -6.2195563316345215 6.634045600891113
1 -5.464574337005615 6.212112903594971
1 -6.18562650680542 6.586258411407471
1 -6.240024566650391 6.669621467590332
1 -6.201455116271973 6.653947830200195
1 -6.1135663986206055 6.525702476501465
1 -5.92927360534668 6.412915229797363
1 -6.2229814529418945 6.586270332336426
1 -6.167163848876953 6.576284408569336
1 -6.1565260887146 6.616494178771973
1 -6.160682201385498 6.616922378540039
1 -6.142749309539795 6.575263977050781
1 -6.264134407043457 6.694980621337891
1 -5.591943264007568 6.233509540557861
1 -6.094271183013916 6.535712242126465
1 -6.124135971069336 6.603278160095215
1 -5.555226802825928 6.160747051239014
1 -6.0707316398620605 6.522951602935791
1 -5.34426212310791 5.870779037475586
1 -6.1550984382629395 6.648655414581299
1 -6.233554840087891 6.614266872406006
1 -6.255466461181641 6.675203323364258
1 -6.06102180480957 6.480810642242432
1 -4.742932319641113 5.18405818939209
1 -6.239698886871338 6.623234272003174
1 -6.198124885559082 6.598254680633545
1 -6.250796794891357 6.667508602142334
1 -6.252338886260986 6.632856845855713
1 -6.1922173500061035 6.58376407623291
1 -6.1872124671936035 6.568417072296143
1 -6.1478095054626465 6.648513317108154
1 -5.915439605712891 6.49122953414917
1 -2.6002962589263916 3.070009708404541
1 -6.224041938781738 6.5924224853515625
1 -6.064436435699463 6.5936479568481445
1 -5.161375999450684 5.739894866943359
1 -6.143210411071777 6.5394673347473145
1 -5.8145952224731445 6.424018859863281
1 -5.910399913787842 6.417225360870361
1 -6.13011360168457 6.685767650604248
1 -6.0913004875183105 6.501806259155273
1 -6.240146160125732 6.632486343383789
1 -4.88041353225708 5.206158638000488
1 -5.883510112762451 6.473159313201904
1 -6.169697284698486 6.613030433654785
1 -6.021180629730225 6.522156238555908
1 -6.116403102874756 6.618638038635254
1 -6.148223876953125 6.521562576293945
1 -5.707404613494873 6.209901809692383
1 -6.2195563316345215 6.634045600891113
1 -6.242809772491455 6.657806396484375
1 -6.224041938781738 6.5924224853515625
1 -6.230048179626465 6.616633892059326
1 -6.235175132751465 6.641294479370117
1 -6.246261119842529 6.6730170249938965
1 -6.224041938781738 6.5924224853515625
1 -5.555226802825928 6.160747051239014
1 -6.218458652496338 6.627994060516357
1 -6.198806285858154 6.56100606918335
1 -6.272672176361084 6.650179862976074
1 -5.757767677307129 6.285272121429443
1 -6.2125115394592285 6.592656135559082
1 -6.130117416381836 6.503442764282227
1 -3.5302505493164062 3.7319209575653076
1 -6.174528121948242 6.501319408416748
1 -5.978415012359619 6.544154167175293
0 5.8530049324035645 -6.584561824798584
0 6.007532596588135 -6.716784954071045
0 6.171958923339844 -6.714583873748779
0 6.23106050491333 -6.7750067710876465
0 5.886329174041748 -6.622492790222168
0 6.253482341766357 -6.794270992279053
0 6.1563496589660645 -6.824843406677246
0 5.886329174041748 -6.622492790222168
0 6.232047080993652 -6.795819282531738
0 5.8648223876953125 -6.61578893661499
0 6.206766128540039 -6.724299907684326
0 6.233567237854004 -6.744368553161621
0 5.8530049324035645 -6.584561824798584
0 6.151573657989502 -6.8672919273376465
0 6.259058952331543 -6.804644584655762
0 6.2654805183410645 -6.878415107727051
0 5.9617462158203125 -6.6759867668151855
0 6.261349678039551 -6.851507663726807
0 5.863384246826172 -6.565756797790527
0 6.210384845733643 -6.725640773773193
0 6.252529621124268 -6.760305881500244
0 6.158512592315674 -6.740194320678711
0 6.007532596588135 -6.716784954071045
0 6.0351667404174805 -6.718189239501953
0 6.24823522567749 -6.748135566711426
0 6.076625823974609 -6.688143253326416
0 5.836771488189697 -6.590003490447998
0 6.247406959533691 -6.762799263000488
0 6.231597900390625 -6.788750171661377
0 6.114691734313965 -6.66229772567749
0 6.018128871917725 -6.7529401779174805
0 5.886329174041748 -6.622492790222168
0 5.819336414337158 -6.541875839233398
0 6.189157009124756 -6.692207336425781
0 6.214730262756348 -6.722291469573975
0 6.091768741607666 -6.689792156219482
0 6.174122333526611 -6.7142744064331055
0 6.251613616943359 -6.77408504486084
0 5.897324562072754 -6.603562831878662
0 6.252068042755127 -6.904054164886475
0 6.1569437980651855 -6.799158573150635
0 5.896762371063232 -6.492812156677246
0 5.7894439697265625 -6.569798469543457
0 6.235346794128418 -6.718777179718018
0 6.1563496589660645 -6.824843406677246
0 6.159720420837402 -6.690404415130615
0 6.1503777503967285 -6.794201850891113
0 6.189157009124756 -6.692207336425781
0 5.969992637634277 -6.678580284118652
0 6.231381893157959 -6.7401814460754395
0 6.263044834136963 -6.889750003814697
0 6.124928951263428 -6.798556327819824
0 6.245463848114014 -6.736770153045654
0 6.204845905303955 -6.794589996337891
0 6.076625823974609 -6.688143253326416
0 6.1563496589660645 -6.824843406677246
0 6.138415336608887 -6.658792495727539
0 5.857519626617432 -6.484809398651123
0 6.052649021148682 -6.740038871765137
0 6.253482341766357 -6.794270992279053
0 6.2299933433532715 -6.732382297515869
0 6.236328125 -6.896669864654541
0 6.1674323081970215 -6.806033611297607
0 6.235346794128418 -6.718777179718018
0 6.262511253356934 -6.8282790184021
0 6.1551923751831055 -6.80643892288208
0 6.206766128540039 -6.724299907684326
0 5.6951165199279785 -6.415953636169434
0 6.07979679107666 -6.741730690002441
0 6.231597900390625 -6.788750171661377
0 5.712924480438232 -6.473400592803955
0 6.252068042755127 -6.904054164886475
0 6.260234355926514 -6.836743354797363
0 6.183575630187988 -6.804127216339111
0 6.250760078430176 -6.833760738372803
0 6.062677383422852 -6.762213230133057
0 6.052649021148682 -6.740038871765137
0 6.255622386932373 -6.750005722045898
0 6.158512592315674 -6.740194320678711
0 6.189157009124756 -6.692207336425781
0 6.250760078430176 -6.833760738372803
0 6.23106050491333 -6.7750067710876465
0 6.261312007904053 -6.781569957733154
0 6.0999579429626465 -6.748960971832275
0 6.167335033416748 -6.732770919799805
0 6.171958923339844 -6.714583873748779
0 6.131252288818359 -6.833639144897461
0 5.6951165199279785 -6.415953636169434
0 6.188717365264893 -6.713738441467285
0 6.076625823974609 -6.688143253326416
0 6.073087692260742 -6.7642693519592285
0 6.023832321166992 -6.739665985107422
0 6.2318620681762695 -6.740449905395508
0 6.060478210449219 -6.747705459594727
0 6.2299933433532715 -6.732382297515869
0 6.052649021148682 -6.740038871765137
0 6.24467658996582 -6.798375129699707
0 6.244970321655273 -6.726465225219727
1 -5.8604865074157715 6.391212463378906
1 -6.261436462402344 6.6971435546875
1 -6.211641311645508 6.692573070526123
1 -6.237629413604736 6.703670501708984
1 -6.207569599151611 6.673518657684326
1 -6.216955661773682 6.688544273376465
1 -6.219285011291504 6.694624900817871
1 -6.247114658355713 6.700865268707275
1 -6.227761268615723 6.656740665435791
1 -6.273726940155029 6.717319011688232
1 -6.237854957580566 6.652143955230713
1 -6.240987300872803 6.669991493225098
1 -6.222955226898193 6.677344799041748
1 -6.194583415985107 6.6430559158325195
1 -6.161923885345459 6.621922969818115
1 -6.154553413391113 6.610240936279297
1 -6.168360710144043 6.640397548675537
1 -6.233983039855957 6.694789409637451
1 -6.187094211578369 6.624387741088867
1 -6.274889945983887 6.694709777832031
1 -6.254052639007568 6.66031551361084
1 -6.225448131561279 6.661196231842041
1 -6.24315881729126 6.531426429748535
1 -6.279102802276611 6.634148597717285
1 -6.281003475189209 6.642524719238281
1 -6.270578861236572 6.632424831390381
1 -6.2714524269104 6.639803409576416
1 -6.276464462280273 6.647424221038818
1 -6.274779796600342 6.6430206298828125
1 -6.283532619476318 6.656747341156006
1 -6.290054798126221 6.642055511474609
1 -6.287464618682861 6.6550679206848145
1 -6.2880473136901855 6.648867130279541
1 -6.24289608001709 6.579429626464844
1 -6.263216972351074 6.609037399291992
1 -6.254732608795166 6.599690914154053
1 -6.260122776031494 6.60463809967041
1 -6.261385440826416 6.602439880371094
1 -6.261631011962891 6.600760459899902
1 -6.274830341339111 6.637425422668457
1 -6.278902530670166 6.603208541870117
1 -6.290643692016602 6.644196033477783
1 -6.282166481018066 6.615914344787598
1 -6.258893013000488 6.608336448669434
1 -5.427926540374756 6.036140441894531
1 -6.2204365730285645 6.709415912628174
1 -6.170584678649902 6.7219343185424805
1 -6.141234874725342 6.713320255279541
1 -6.100475311279297 6.680477619171143
1 -6.121862888336182 6.695642948150635
1 -6.047948360443115 6.631289958953857
1 -6.186565399169922 6.732597351074219
1 -6.181737899780273 6.6648125648498535
1 -6.148411273956299 6.6619415283203125
1 -6.250705718994141 6.713491916656494
1 -6.2712578773498535 6.681474685668945
1 -6.10481071472168 6.644423961639404
1 -6.118558883666992 6.64073371887207
1 -6.037545204162598 6.588842391967773
1 -6.067996978759766 6.623075008392334
1 -6.0024518966674805 6.562715530395508
1 -6.114408493041992 6.671751499176025
1 -6.169312000274658 6.604659080505371
1 -6.151836395263672 6.619909763336182
1 -6.278123378753662 6.6996612548828125
1 -6.274101734161377 6.676248550415039
1 -6.109513282775879 6.4369306564331055
1 -6.2711567878723145 6.652502059936523
1 -6.235985279083252 6.576305389404297
1 -6.229490756988525 6.615151882171631
1 -6.246085166931152 6.614036560058594
1 -6.209690093994141 6.571976661682129
1 -6.248490333557129 6.604602336883545
1 -6.102530002593994 6.551517009735107
1 -6.228916168212891 6.608375549316406
1 -6.221833229064941 6.628013610839844
1 -6.218644142150879 6.6131391525268555
1 -6.248916149139404 6.656796932220459
1 -6.1380486488342285 6.452520847320557
1 -6.161174774169922 6.5247697830200195
1 -6.176600933074951 6.527697563171387
1 -6.141932964324951 6.491652011871338
1 -6.179930210113525 6.522575378417969
1 -5.974484920501709 6.398869037628174
1 -6.209964275360107 6.584090232849121
1 -6.236905574798584 6.622931003570557
1 -6.2211713790893555 6.582851886749268
1 -6.193139553070068 6.591515064239502
1 -5.8604865074157715 6.391212463378906
1 -6.261436462402344 6.6971435546875
1 -6.148323059082031 6.634308338165283
1 -6.192072868347168 6.672732830047607
1 -6.243877410888672 6.704463958740234
1 -6.215514183044434 6.680633544921875
1 -6.1983489990234375 6.67839241027832
1 -6.243392467498779 6.6838459968566895
1 -6.263381004333496 6.700742244720459
1 -6.26320219039917 6.666504859924316
1 -6.243295669555664 6.703869342803955
1 -6.216914176940918 6.642967224121094
1 -6.065154552459717 6.544168472290039
1 -6.124759674072266 6.600667476654053
1 -6.209848880767822 6.643784523010254
1 -6.166057109832764 6.622655868530273
1 -6.1295061111450195 6.600796699523926
1 -6.251245498657227 6.659416198730469
1 -6.266591548919678 6.684051036834717
1 -6.2570343017578125 6.661282062530518
1 -6.2607951164245605 6.685513496398926
1 -6.169952392578125 6.60254430770874
1 -5.427926540374756 6.036140441894531
1 -6.2204365730285645 6.709415912628174
1 -6.124938011169434 6.684807300567627
1 -6.130524158477783 6.687155723571777
1 -6.108695030212402 6.690645694732666
1 -6.148538589477539 6.669858455657959
1 -6.1399407386779785 6.6999077796936035
1 -6.1905517578125 6.649353504180908
1 -6.165475845336914 6.671443462371826
1 -6.168989658355713 6.673992156982422
1 -6.132822036743164 6.677534103393555
1 -6.0834245681762695 6.6305131912231445
1 -6.061793327331543 6.598871231079102
1 -6.080497741699219 6.615799427032471
1 -6.042477607727051 6.606644630432129
1 -6.098233699798584 6.618688106536865
1 -6.14168643951416 6.653644561767578
1 -6.211535930633545 6.646727085113525
1 -6.249495506286621 6.689808368682861
1 -6.206825256347656 6.651798725128174
1 -6.091845989227295 6.588957786560059
1 -6.201026916503906 6.651507377624512
1 -6.074808597564697 6.4604997634887695
1 -6.263505935668945 6.69352912902832
1 -6.224228382110596 6.6590776443481445
1 -6.248513698577881 6.6757659912109375
1 -6.189389228820801 6.629692077636719
1 -6.219445705413818 6.6494140625
1 -6.2166032791137695 6.658114433288574
1 -6.195712089538574 6.649466514587402
1 -6.234457492828369 6.661072254180908
1 -6.265702247619629 6.678275108337402
1 -6.242561340332031 6.678186416625977
1 -6.19921875 6.647730827331543
1 -6.127091407775879 6.539915561676025
1 -6.184401035308838 6.5974016189575195
1 -6.053985595703125 6.4742326736450195
1 -6.1068572998046875 6.510944843292236
1 -6.102684497833252 6.535099029541016
1 -6.201900005340576 6.615752696990967
1 -6.21648645401001 6.630301475524902
1 -6.235263347625732 6.6471266746521
1 -6.22246789932251 6.636764049530029
1 -6.227120399475098 6.636314868927002
1 -6.157516956329346 6.59627103805542
1 -6.23814582824707 6.731775283813477
1 -6.196113109588623 6.6237406730651855
1 -6.190183162689209 6.613778591156006
1 -6.152996063232422 6.592766761779785
1 -6.205445766448975 6.63982629776001
1 -6.159956455230713 6.595966339111328
1 -5.996627330780029 6.40986967086792
1 -6.188043594360352 6.661964416503906
1 -6.203536033630371 6.633595943450928
1 -6.207021713256836 6.685224533081055
1 -6.263465881347656 6.710389614105225
1 -6.151882171630859 6.531185150146484
1 -6.109137535095215 6.487565517425537
1 -6.127629280090332 6.5247883796691895
1 -6.140314102172852 6.540789604187012
1 -6.166713714599609 6.565371990203857
1 -6.104031562805176 6.527626991271973
1 -6.196441173553467 6.6456146240234375
1 -6.179721355438232 6.632504463195801
1 -6.205421447753906 6.6711602210998535
1 -6.252530574798584 6.70037841796875
1 -6.218446254730225 6.530708312988281
1 -5.841914653778076 6.121057033538818
1 -5.8596577644348145 6.253705024719238
1 -6.189205646514893 6.542649745941162
1 -3.688676118850708 3.8572402000427246
1 -6.213009357452393 6.508212089538574
1 -6.178542137145996 6.498814582824707
0 4.502960681915283 -5.438492774963379
1 -6.207712173461914 6.548741340637207
1 -6.257452011108398 6.587975025177002
1 -6.102294445037842 6.513486385345459
1 -6.223282814025879 6.52009391784668
1 -6.228509902954102 6.571279525756836
1 -6.221256732940674 6.575636386871338
1 -6.240090847015381 6.537902355194092
1 -5.961451530456543 6.236724853515625
1 -6.159257888793945 6.473812580108643
1 -6.247001647949219 6.535233497619629
1 -6.255641937255859 6.544257164001465
1 -6.161482334136963 6.467321395874023
1 -6.21620512008667 6.590245246887207
1 -6.1648478507995605 6.56235933303833
1 -6.101511001586914 6.500559329986572
1 -6.233822822570801 6.5685715675354
1 -6.1241774559021 6.5476155281066895
0 5.856351375579834 -6.701510906219482
1 -6.160847187042236 6.557440757751465
1 -6.053563117980957 6.315571308135986
0 5.856351375579834 -6.701510906219482
1 -6.121169090270996 6.501283645629883
1 -6.203709125518799 6.556532382965088
1 -6.247074127197266 6.600716590881348
1 -6.155640602111816 6.514562606811523
1 -6.134489059448242 6.515040397644043
1 -6.203487396240234 6.483515739440918
1 -4.19951868057251 4.507726669311523
1 -6.037827491760254 6.406577110290527
1 -6.240971565246582 6.563660144805908
1 -5.914309501647949 6.249422550201416
1 -6.220467567443848 6.579169273376465
1 -6.003924369812012 6.308630466461182
1 -6.2008442878723145 6.5411763191223145
1 -5.478262424468994 5.983611583709717
1 -6.119819641113281 6.4844512939453125
1 -6.198547840118408 6.609257698059082
1 -6.172918319702148 6.538938522338867
1 -6.189888000488281 6.445507526397705
1 -6.0672712326049805 6.5041093826293945
1 -6.112977981567383 6.459379196166992
1 -6.157175540924072 6.576442241668701
0 2.618100643157959 -2.9128780364990234
1 -5.163860321044922 5.773921966552734
1 -3.09277606010437 3.348201274871826
1 -3.1807148456573486 3.4249815940856934
1 -5.871150016784668 6.348546028137207
1 -3.292877435684204 3.9035274982452393
1 -4.921361446380615 5.059251308441162
1 -3.3889071941375732 3.6913418769836426
1 -3.80670428276062 4.34429931640625
1 -4.021167278289795 4.657977104187012
0 3.0405941009521484 -3.61673641204834
1 -2.4520554542541504 2.650836706161499
1 -4.8422393798828125 5.349286079406738
1 -6.019786357879639 6.557473659515381
0 2.0050458908081055 -2.325381278991699
1 -4.4359235763549805 5.087249755859375
0 3.272841691970825 -3.862518787384033
1 -4.705580711364746 5.10977029800415
1 -4.1982927322387695 4.612863063812256
1 -1.08477783203125 1.2227050065994263
1 -3.9603514671325684 4.220061302185059
1 -4.355247974395752 4.645613670349121
1 -4.174558162689209 4.588364601135254
1 -5.163860321044922 5.773921966552734
0 1.7951021194458008 -1.6279704570770264
1 -4.921361446380615 5.059251308441162
0 1.8496065139770508 -2.0992774963378906
1 -3.394899368286133 3.5847625732421875
1 -3.357299566268921 3.6568751335144043
1 -5.419287204742432 6.027954578399658
1 -2.7395830154418945 2.7881014347076416
1 -5.666656017303467 6.332934379577637
1 -4.270665645599365 4.630117893218994
1 -4.359060287475586 4.75560188293457
1 -4.024575710296631 4.810680866241455
1 -4.496504783630371 4.463441371917725
1 -5.307732582092285 5.902245998382568
1 -2.3029861450195312 2.511592149734497
1 -3.80670428276062 4.34429931640625
1 -3.5046498775482178 3.8093957901000977
1 -6.1403398513793945 6.589851379394531
1 -4.45442533493042 4.684613227844238
1 -4.647495746612549 5.334433078765869
1 -2.7168915271759033 2.5508527755737305
1 -4.088531017303467 4.628755569458008
1 -5.106686115264893 5.500184059143066
1 -6.1440935134887695 6.58352518081665
0 2.2054288387298584 -2.3016786575317383
0 2.618100643157959 -2.9128780364990234
1 -2.2955501079559326 2.666964530944824
1 -5.929808139801025 6.547630786895752
1 -2.1192784309387207 1.478998064994812
1 -4.021167278289795 4.657977104187012
1 -6.181697845458984 6.704845905303955
1 -4.8099365234375 5.234120845794678
1 -5.299808025360107 5.8501129150390625
1 -5.062139511108398 5.684643745422363
0 0.38286662101745605 -0.0695161521434784
1 -4.9447479248046875 5.626936435699463
1 -6.126688003540039 6.562582015991211
1 -6.126688003540039 6.562582015991211
1 -3.468637466430664 3.8790054321289062
1 -5.361522674560547 5.985830307006836
0 2.3516836166381836 -2.299726724624634
1 -4.161146640777588 4.657241344451904
1 -5.21166467666626 5.844642639160156
1 -3.0166640281677246 3.329766273498535
1 -4.694813251495361 5.065802574157715
1 -3.5046498775482178 3.8093957901000977
1 -5.217960357666016 5.811135292053223
1 -4.768348693847656 5.233842849731445
1 -4.174558162689209 4.588364601135254
1 -3.8680260181427 4.296914577484131
1 -3.111936092376709 3.3085317611694336
1 -1.08477783203125 1.2227050065994263
1 -4.9224700927734375 5.516156196594238
1 -4.733527183532715 5.07718563079834
1 -5.473700046539307 5.981474876403809
1 -3.53926682472229 3.7890636920928955
1 -4.021167278289795 4.657977104187012
1 -5.198477268218994 5.934661865234375
1 -3.177802085876465 3.506150245666504
1 -3.108996868133545 3.4690804481506348
1 -3.0166640281677246 3.329766273498535
1 -5.871150016784668 6.348546028137207
1 -4.75630521774292 5.578879356384277
1 -5.32450008392334 5.6722846031188965
1 -3.5046498775482178 3.8093957901000977
1 -4.161146640777588 4.657241344451904
1 -4.4359235763549805 5.087249755859375
1 -6.064417839050293 6.53217077255249
1 -3.80670428276062 4.34429931640625
1 -0.6920729279518127 1.2446867227554321
0 4.606630802154541 -5.488837242126465
1 -5.305251121520996 5.883314609527588
1 -4.768348693847656 5.233842849731445
1 -6.126688003540039 6.562582015991211
0 2.3516836166381836 -2.299726724624634
1 -4.4359235763549805 5.087249755859375
1 -5.666656017303467 6.332934379577637
1 -6.165818214416504 6.576695919036865
1 -1.888385534286499 1.8493340015411377
0 6.090022087097168 -6.722010135650635
0 6.204861164093018 -6.848583698272705
0 6.193676471710205 -6.710787296295166
0 6.0664191246032715 -6.718155860900879
0 6.061647891998291 -6.5984344482421875
1 -4.191593647003174 4.554309844970703
0 6.175582408905029 -6.685286998748779
0 5.943730354309082 -6.597155570983887
0 6.217480659484863 -6.7468414306640625
0 6.175218105316162 -6.748264789581299
0 6.0396928787231445 -6.593319416046143
0 6.101751327514648 -6.723834991455078
1 -5.999475955963135 6.480942249298096
0 6.000682353973389 -6.579314708709717
0 6.207737922668457 -6.705782413482666
0 6.189814567565918 -6.694136142730713
0 6.1984758377075195 -6.714347839355469
0 6.112480163574219 -6.719206809997559
1 -5.795429706573486 6.236949443817139
0 5.979775905609131 -6.621862888336182
0 6.196338653564453 -6.725863456726074
0 6.239749908447266 -6.749849319458008
1 -5.795429706573486 6.236949443817139
0 6.208411693572998 -6.728381633758545
0 6.056647300720215 -6.685028076171875
0 6.2399492263793945 -6.708958148956299
0 6.18179178237915 -6.748156547546387
0 6.177476406097412 -6.714123249053955
0 6.168459892272949 -6.779022216796875
0 6.085202693939209 -6.691749572753906
0 6.0077619552612305 -6.630015850067139
0 6.252407073974609 -6.782491207122803
1 -3.83532452583313 4.129489898681641
0 6.009003639221191 -6.64643669128418
0 6.196338653564453 -6.725863456726074
1 -5.25569486618042 5.791126728057861
0 6.1984758377075195 -6.714347839355469
0 6.059841156005859 -6.659755706787109
1 -4.620566368103027 5.105727195739746
1 -4.8208327293396 5.288367748260498
0 5.117835998535156 -5.915694236755371
1 -5.897502899169922 6.47283935546875
1 -3.341620445251465 3.5103883743286133
1 -3.1987199783325195 3.597614049911499
0 3.2817983627319336 -4.0286335945129395
1 -2.7258834838867188 2.780526876449585
1 -3.341620445251465 3.5103883743286133
1 -5.820708751678467 6.30096435546875
0 5.097290515899658 -5.912108421325684
1 -4.650219440460205 4.974406719207764
1 -2.7258834838867188 2.780526876449585
0 3.5335781574249268 -4.353143692016602
0 2.8771517276763916 -3.891934871673584
0 6.256339073181152 -6.8158793449401855
1 -2.397645950317383 2.516488552093506
1 -3.341620445251465 3.5103883743286133
1 -6.053163051605225 6.509027004241943
0 6.256339073181152 -6.8158793449401855
0 6.077835559844971 -6.629430294036865
0 5.097290515899658 -5.912108421325684
0 6.077835559844971 -6.629430294036865
1 -5.794002056121826 6.314175128936768
0 5.8950910568237305 -6.643275737762451
0 5.8950910568237305 -6.643275737762451
0 6.1564621925354 -6.728086471557617
0 6.247274398803711 -6.824521064758301
1 -5.48230504989624 5.9846343994140625
1 -5.781676292419434 6.111419200897217
0 3.9039759635925293 -4.9446234703063965
0 5.418730735778809 -6.1512532234191895
1 -5.884839057922363 6.39035177230835
1 -6.003521919250488 6.535511493682861
0 2.878199338912964 -3.9847450256347656
1 -5.794002056121826 6.314175128936768
0 3.9039759635925293 -4.9446234703063965
0 5.245255947113037 -5.871656894683838
1 -3.574131965637207 3.825246810913086
1 -2.2537789344787598 2.763554573059082
1 -5.972235202789307 6.336869239807129
0 5.776454448699951 -6.566528797149658
1 -6.012014865875244 6.372917652130127
1 -3.2148945331573486 3.5192642211914062
1 -3.2148945331573486 3.5192642211914062
1 -5.263609409332275 5.649616241455078
1 -5.62898588180542 6.072812557220459
1 -5.6038007736206055 5.683377742767334
1 -6.179149150848389 6.533096790313721
1 -4.738709449768066 5.148365020751953
1 -5.727183818817139 5.9523749351501465
1 -6.002682209014893 6.505156517028809
1 -5.585065841674805 5.7220540046691895
1 -5.307547569274902 5.802192687988281
1 -3.4066720008850098 3.784034013748169
1 -5.826311111450195 6.235095024108887
1 -6.219317436218262 6.634517669677734
1 -6.011674880981445 6.359389305114746
1 -5.980226039886475 6.2574872970581055
1 -5.917147636413574 6.15500545501709
1 -5.791575908660889 6.042905330657959
1 -5.760315895080566 6.196996688842773
1 -4.01585578918457 4.265870571136475
1 -6.0541911125183105 6.5511155128479
1 -6.078024387359619 6.469595909118652
1 -5.188551425933838 5.653834342956543
1 -5.553011894226074 6.026759147644043
1 -5.913044452667236 6.188105583190918
1 -6.180544376373291 6.596773147583008
1 -2.38370943069458 2.631392478942871
1 -5.907172679901123 6.145942687988281
1 -4.628863334655762 4.970134258270264
1 -5.068877696990967 5.532807350158691
1 -5.875977039337158 6.346569538116455
1 -5.6038007736206055 5.683377742767334
1 -5.922449111938477 6.408911228179932
1 -5.62898588180542 6.072812557220459
1 -4.7057061195373535 5.104322910308838
1 -5.307547569274902 5.802192687988281
1 -5.256696701049805 5.352879524230957
1 -6.127495288848877 6.57036018371582
1 -5.167537689208984 5.597284317016602
1 -5.922449111938477 6.408911228179932
0 5.537424564361572 -6.362120151519775
1 -5.879697799682617 6.240405559539795
1 -6.2182698249816895 6.645570755004883
1 -5.819205284118652 6.0247087478637695
1 -6.0541911125183105 6.5511155128479
1 -6.011674880981445 6.359389305114746
1 -5.972235202789307 6.336869239807129
0 5.838726997375488 -6.57674503326416
0 5.537424564361572 -6.362120151519775
1 -5.942600250244141 6.341788291931152
1 -5.698069095611572 5.919572353363037
1 -5.736989974975586 6.065235137939453
0 4.320313453674316 -5.202190399169922
1 -5.6038007736206055 5.683377742767334
1 -5.972235202789307 6.336869239807129
1 -5.238536357879639 5.7230353355407715
1 -4.7057061195373535 5.104322910308838
1 -5.760315895080566 6.196996688842773
1 -5.819205284118652 6.0247087478637695
1 -5.85726261138916 6.184963703155518
1 -6.183383941650391 6.631170749664307
1 -5.976708889007568 6.4924187660217285
1 -5.930602073669434 6.254860877990723
0 5.776454448699951 -6.566528797149658
1 -5.656510353088379 6.050687789916992
1 -5.126718997955322 5.557610034942627
0 5.537424564361572 -6.362120151519775
1 -5.81636905670166 6.179117202758789
1 -5.845716953277588 6.276130199432373
0 5.776454448699951 -6.566528797149658
1 -6.121555328369141 6.612504005432129
1 -5.756247520446777 6.2682108879089355
1 -5.306551456451416 5.838018417358398
1 -5.942600250244141 6.341788291931152
1 -5.126718997955322 5.557610034942627
1 -6.183383941650391 6.631170749664307
1 -5.760315895080566 6.196996688842773
0 6.132463455200195 -6.744513988494873
0 6.222732067108154 -6.794363498687744
0 6.192675590515137 -6.783638954162598
0 6.217095375061035 -6.793914794921875
0 6.132463455200195 -6.744513988494873
0 6.211977481842041 -6.754800796508789
0 6.241424083709717 -6.77299165725708
0 6.235503673553467 -6.76491641998291
0 6.192675590515137 -6.783638954162598
0 6.229287147521973 -6.761126518249512
0 6.192870616912842 -6.777036190032959
0 6.256956100463867 -6.761618614196777
0 6.045514106750488 -6.6574811935424805
0 6.184704303741455 -6.75404167175293
0 6.2046356201171875 -6.798223972320557
0 6.258803844451904 -6.783197402954102
0 6.225221633911133 -6.74787712097168
0 6.100805759429932 -6.717808723449707
0 6.256197929382324 -6.769647121429443
0 6.008581161499023 -6.608736038208008
0 6.053168773651123 -6.656386852264404
0 6.251220703125 -6.779614448547363
0 6.066120147705078 -6.6551194190979
0 5.908499240875244 -6.52095365524292
0 6.243393898010254 -6.796054363250732
0 6.262629985809326 -6.777047634124756
0 6.245209217071533 -6.783205509185791
0 6.235503673553467 -6.76491641998291
0 6.253693580627441 -6.786396503448486
0 6.257274150848389 -6.778875827789307
0 6.246366500854492 -6.80462121963501
0 6.176582336425781 -6.772571086883545
0 6.152112007141113 -6.759112358093262
0 6.258803844451904 -6.783197402954102
0 6.053168773651123 -6.656386852264404
0 6.045514106750488 -6.6574811935424805
0 6.132463455200195 -6.744513988494873
0 6.259767532348633 -6.770363807678223
0 6.206737041473389 -6.755273818969727
0 6.236601829528809 -6.813421249389648
0 6.241581916809082 -6.776372909545898
0 6.179165840148926 -6.718538761138916
0 5.9594597816467285 -6.622099876403809
0 5.8063507080078125 -6.474546909332275
1 -5.637472152709961 6.255279064178467
1 -5.765995025634766 6.364295959472656
0 6.250760078430176 -6.833760738372803
0 6.242456912994385 -6.812510967254639
0 6.274764537811279 -6.8664093017578125
0 6.140254497528076 -6.767783164978027
1 -6.036913871765137 6.528051376342773
1 -5.37648344039917 5.8051557540893555
0 6.241581916809082 -6.776372909545898
0 6.223645210266113 -6.779082775115967
1 -6.151165962219238 6.630517959594727
1 -6.136421203613281 6.554190158843994
0 6.16626501083374 -6.801398754119873
0 6.10527229309082 -6.74805212020874
0 6.221574783325195 -6.838541507720947
0 6.213706970214844 -6.821249961853027
0 6.1503777503967285 -6.794201850891113
0 6.096569061279297 -6.742232322692871
1 -5.054198265075684 5.788596153259277
1 -4.506157398223877 5.177400588989258
0 6.240146636962891 -6.768154621124268
0 6.241633892059326 -6.774560928344727
0 6.252529621124268 -6.760305881500244
0 6.249208927154541 -6.748415946960449
1 -5.725850582122803 6.111896991729736
1 -5.722444534301758 6.002256870269775
0 6.085699081420898 -6.766692161560059
0 5.880483150482178 -6.5906548500061035
1 -6.210825443267822 6.684283256530762
1 -6.225337982177734 6.690123558044434
0 6.232047080993652 -6.795819282531738
0 6.237434387207031 -6.773338794708252
0 6.2404561042785645 -6.75714635848999
0 6.239706516265869 -6.749682903289795
1 -6.248128890991211 6.703329563140869
1 -6.24822998046875 6.67596960067749
1 -5.69920015335083 6.102349281311035
1 -6.04978084564209 6.465728282928467
0 6.224376201629639 -6.796579360961914
0 6.1851806640625 -6.749581336975098
0 6.208719253540039 -6.746276378631592
0 6.081599235534668 -6.644415855407715
1 -5.758285045623779 6.372791290283203
1 -5.971986770629883 6.49469518661499
0 5.6317057609558105 -6.409457683563232
0 4.975376605987549 -5.82520866394043
1 -6.068564414978027 6.46820068359375
1 -6.2019877433776855 6.620521545410156
1 -6.140547275543213 6.614274024963379
1 -6.212299346923828 6.637401103973389
0 5.703155040740967 -6.419627666473389
0 5.602660655975342 -6.3270392417907715
0 6.23383092880249 -6.753632545471191
0 6.256018161773682 -6.749112129211426
1 -5.843638896942139 6.257282257080078
1 -6.082735538482666 6.504155158996582
0 6.2296881675720215 -6.783276081085205
0 6.144510746002197 -6.721128463745117
1 -6.228612899780273 6.691527366638184
1 -6.1904120445251465 6.6850457191467285
0 4.5365753173828125 -5.592678070068359
0 5.409073829650879 -6.278955936431885
0 5.979497909545898 -6.580489635467529
0 5.801293849945068 -6.510281085968018
0 6.007640838623047 -6.62369966506958
0 5.933187007904053 -6.556247711181641
0 6.257239818572998 -6.793254852294922
0 6.253252029418945 -6.773980617523193
0 5.897324562072754 -6.603562831878662
0 5.7591094970703125 -6.445730209350586
0 6.169579982757568 -6.695392608642578
0 6.003257751464844 -6.570836544036865
1 -5.821831703186035 6.504833221435547
1 -6.203031063079834 6.687850475311279
1 -6.016529560089111 6.497698783874512
1 -6.070735454559326 6.595604419708252
0 6.204464912414551 -6.82000207901001
0 6.230377197265625 -6.816353797912598
0 5.709138870239258 -6.45450496673584
0 5.771406650543213 -6.480194091796875
0 5.897324562072754 -6.603562831878662
0 5.982738494873047 -6.659262180328369
1 -6.176856517791748 6.542575359344482
1 -6.195545196533203 6.527884483337402
0 6.079441070556641 -6.721776962280273
0 6.064337253570557 -6.686420440673828
1 -5.978328704833984 6.635977745056152
1 -6.0738525390625 6.621914386749268
1 -3.5064003467559814 4.1883225440979
1 -4.413456439971924 5.229809284210205
0 6.244140148162842 -6.76096248626709
0 6.247323036193848 -6.747296333312988
0 6.247475624084473 -6.7552385330200195
0 6.223957538604736 -6.715039253234863
1 -6.095545291900635 6.540089130401611
1 -6.1018805503845215 6.588230609893799
0 6.263044834136963 -6.889750003814697
0 6.232968330383301 -6.883402347564697
1 -5.464574337005615 6.212112903594971
1 -5.189823627471924 5.802401542663574
1 -5.4640421867370605 6.1843180656433105
1 -5.558926582336426 6.265305995941162
1 -6.18057107925415 6.565508842468262
1 -6.194761276245117 6.56768798828125
1 -4.875370025634766 5.408052444458008
1 -5.06939697265625 5.752142906188965
1 -3.8589930534362793 4.095379829406738
1 -5.403770446777344 6.092248439788818
1 -6.025796413421631 6.496426582336426
1 -6.026435375213623 6.416418552398682
1 -6.24868106842041 6.673955917358398
1 -6.135710716247559 6.570840358734131
1 -6.218008518218994 6.723593711853027
1 -6.212500095367432 6.713891983032227
1 -6.24868106842041 6.673955917358398
1 -6.223601818084717 6.6904120445251465
1 -6.210825443267822 6.684283256530762
1 -6.225337982177734 6.690123558044434
1 -6.097359657287598 6.545857906341553
1 -5.928646087646484 6.291949272155762
0 6.264854431152344 -6.865800857543945
0 6.179128646850586 -6.777160167694092
0 5.886329174041748 -6.622492790222168
0 6.044698715209961 -6.735496997833252
1 -5.877790451049805 6.483234882354736
1 -6.021730422973633 6.4676618576049805
0 6.2655510902404785 -6.823338508605957
0 6.112017631530762 -6.7136712074279785
1 -5.257928848266602 5.926060199737549
1 -6.011141300201416 6.521908760070801
0 6.231632709503174 -6.778276443481445
0 6.184752464294434 -6.726293087005615
0 6.2618608474731445 -6.814794540405273
0 6.236800670623779 -6.757625579833984
0 6.23383092880249 -6.753632545471191
0 6.240445613861084 -6.760668754577637
0 6.2566399574279785 -6.767331123352051
0 6.208974361419678 -6.726407051086426
0 6.240861892700195 -6.711103439331055
0 6.214270114898682 -6.722309589385986
1 -6.2133708000183105 6.62260627746582
1 -5.8793134689331055 6.343067646026611
0 6.109719276428223 -6.74885368347168
0 5.75084114074707 -6.454127788543701
0 6.2407965660095215 -6.717443943023682
0 6.076389789581299 -6.624364376068115
1 -6.0348663330078125 6.492609024047852
1 -6.050043106079102 6.42954158782959
0 6.241384506225586 -6.779520034790039
0 5.942951202392578 -6.579037666320801
0 6.037858963012695 -6.652619361877441
0 5.9649271965026855 -6.576678276062012
0 6.27728796005249 -6.82539176940918
0 6.255320072174072 -6.788174152374268
0 6.240861892700195 -6.711103439331055
0 6.131256580352783 -6.6247453689575195
1 -5.464574337005615 6.212112903594971
1 -2.9601850509643555 3.2229809761047363
1 -4.875370025634766 5.408052444458008
1 -3.8821494579315186 4.114477634429932
1 -6.252338886260986 6.632856845855713
1 -6.0525970458984375 6.398761749267578
0 6.2276434898376465 -6.791787624359131
0 6.028815269470215 -6.6822123527526855
0 6.242934226989746 -6.864916801452637
0 6.214737415313721 -6.842294216156006
0 6.240861892700195 -6.711103439331055
0 5.971736907958984 -6.556844234466553
0 5.919277191162109 -6.536107063293457
0 5.575301647186279 -6.2356109619140625
0 6.261223793029785 -6.797171115875244
0 6.238699913024902 -6.767703533172607
1 -5.978328704833984 6.635977745056152
1 -6.20656156539917 6.702584743499756
0 6.2655510902404785 -6.823338508605957
0 6.206748008728027 -6.752290725708008
1 -6.258858680725098 6.6279144287109375
1 -6.040999889373779 6.397233963012695
1 -6.085082530975342 6.6319804191589355
1 -6.169058322906494 6.614066123962402
0 5.93309211730957 -6.677270889282227
0 5.8491435050964355 -6.567783832550049
0 6.27225923538208 -6.8526930809021
0 6.233691215515137 -6.805321216583252
1 -6.095545291900635 6.540089130401611
1 -6.219335079193115 6.617668151855469
1 -5.464574337005615 6.212112903594971
1 -5.9522271156311035 6.557951927185059
1 -6.18057107925415 6.565508842468262
1 -6.1271138191223145 6.464069366455078
1 -5.084967136383057 5.832053184509277
1 -5.328584671020508 5.843952655792236
1 -4.607759475708008 5.183794975280762
1 -3.3790183067321777 3.559861421585083
1 -5.821831703186035 6.504833221435547
1 -6.188541412353516 6.711415767669678
1 -6.162328720092773 6.688253879547119
1 -6.133168697357178 6.6490478515625
0 5.432074069976807 -6.30380916595459
0 5.9450788497924805 -6.607131481170654
1 -6.179799556732178 6.728405952453613
1 -6.151902198791504 6.68568229675293
0 6.261312007904053 -6.781569957733154
0 6.248323917388916 -6.7556352615356445
1 -6.207827568054199 6.6390700340271
1 -6.220632076263428 6.638938903808594
1 -6.0116071701049805 6.416994571685791
1 -6.181528568267822 6.625830173492432
1 -6.1569061279296875 6.621826648712158
1 -6.230458736419678 6.618992805480957
1 -6.240146160125732 6.632486343383789
1 -6.222543239593506 6.625478744506836
1 -6.222601890563965 6.656233787536621
1 -6.255466461181641 6.675203323364258
1 -6.237751483917236 6.6376633644104
1 -5.796069622039795 6.3961334228515625
1 -6.201455116271973 6.653947830200195
1 -6.217658042907715 6.678984642028809
1 -6.185253620147705 6.610592842102051
1 -6.154857635498047 6.6290411949157715
1 -6.243101119995117 6.654446601867676
1 -5.990997314453125 6.476108074188232
1 -6.127669334411621 6.528263568878174
1 -1.7255874872207642 1.8087496757507324
1 -6.120323657989502 6.573407173156738
1 -6.056697845458984 6.6600341796875
1 -6.047395706176758 6.517251968383789
1 -5.829750061035156 6.544167518615723
1 -6.231903076171875 6.622289180755615
1 -6.187199592590332 6.615093231201172
0 5.547569274902344 -6.305502414703369
1 -6.168391227722168 6.615594863891602
1 -6.213783264160156 6.627286911010742
1 -6.233223915100098 6.628763675689697
1 -6.110674858093262 6.563376426696777
1 -3.0106637477874756 3.2218732833862305
1 -6.2544097900390625 6.6343488693237305
1 -6.25571346282959 6.633216857910156
1 -6.269963264465332 6.622638702392578
1 -6.249119281768799 6.617250919342041
1 -6.13011360168457 6.685767650604248
1 -6.21350622177124 6.681572437286377
1 -3.4037959575653076 3.502420663833618
1 -6.1335954666137695 6.6230645179748535
1 -5.75480842590332 6.239786624908447
1 -6.2516608238220215 6.660447597503662
1 -6.064436435699463 6.5936479568481445
1 -6.072121620178223 6.622305870056152
1 -6.06785774230957 6.539019584655762
1 -6.1922173500061035 6.58376407623291
0 1.7416300773620605 -1.1517211198806763
1 -6.096992015838623 6.419190406799316
1 -6.116728782653809 6.489331245422363
1 -6.191239356994629 6.577231407165527
0 5.941921710968018 -6.641979217529297
1 -6.1135663986206055 6.525702476501465
1 -6.001165866851807 6.385630130767822
1 -4.4527177810668945 4.3552656173706055
1 -5.8078460693359375 6.399229049682617
0 4.600751876831055 -5.780182361602783
1 -5.506949424743652 6.080936908721924
1 -5.193143367767334 5.789793491363525
1 -6.070617198944092 6.590803146362305
1 -4.962250709533691 5.384617805480957
1 -6.162328720092773 6.688253879547119
1 -6.174633026123047 6.67312479019165
1 -5.920412540435791 6.535155296325684
1 -5.464574337005615 6.212112903594971
1 -6.093031883239746 6.679895401000977
1 -5.44856595993042 6.211540222167969
1 -6.125601291656494 6.62262487411499
1 -6.109128475189209 6.618814468383789
1 -6.022993564605713 6.5528435707092285
1 -6.169697284698486 6.613030433654785
1 -6.229097843170166 6.619779586791992
1 -6.229750156402588 6.636602878570557
1 -6.254771709442139 6.700648307800293
1 -6.275367736816406 6.637414455413818
1 -6.254357814788818 6.672213554382324
0 6.067072868347168 -6.539093017578125
0 6.188807487487793 -6.69279670715332
0 5.377659320831299 -5.76924467086792
0 5.5381951332092285 -5.854308128356934
1 -5.883508205413818 6.495316505432129
1 -5.711833477020264 6.461645603179932
1 -5.883508205413818 6.495316505432129
1 -5.800549030303955 6.522673606872559
