1 0.17190232872962952 0.8280977010726929
1 0.28210362792015076 0.7178964018821716
1 0.2385486364364624 0.7614513635635376
1 0.23075884580612183 0.7692411541938782
1 0.2149990051984787 0.7850009202957153
1 0.1299252063035965 0.8700748085975647
1 0.0978354960680008 0.9021645188331604
1 0.4721883535385132 0.527811586856842
1 0.08332059532403946 0.9166793823242188
1 0.14531481266021729 0.8546851873397827
1 0.22179609537124634 0.7782038450241089
1 0.17730683088302612 0.8226931691169739
1 0.22221209108829498 0.777787983417511
0 0.9254114031791687 0.07458864897489548
0 0.7615064978599548 0.23849350214004517
0 0.967207133769989 0.03279279172420502
0 0.8736318945884705 0.12636812031269073
0 0.9076351523399353 0.09236487746238708
1 0.011276095174252987 0.988723874092102
1 0.08334075659513474 0.9166592359542847
1 0.09434840828180313 0.9056516289710999
1 0.10088662058115005 0.8991133570671082
1 0.08615769445896149 0.9138423204421997
1 0.0947430431842804 0.905256986618042
1 0.01774681732058525 0.9822531342506409
1 0.020579971373081207 0.979420006275177
1 0.00964750163257122 0.9903525710105896
1 0.0324929840862751 0.967507004737854
1 0.07526805251836777 0.924731969833374
1 0.07302026450634003 0.9269797801971436
1 0.05562516674399376 0.9443748593330383
1 0.0087338387966156 0.9912661910057068
1 0.013753524050116539 0.9862464666366577
1 0.047387853264808655 0.9526121020317078
1 0.017394432798027992 0.9826055765151978
1 0.07177898287773132 0.9282209873199463
1 0.027639182284474373 0.9723607897758484
1 0.016814814880490303 0.9831852316856384
1 0.011808885261416435 0.9881911277770996
1 0.020579971373081207 0.979420006275177
1 0.09013067930936813 0.9098692536354065
1 0.07017417997121811 0.9298258423805237
1 0.06466005742549896 0.9353398680686951
1 0.07790572941303253 0.9220942854881287
1 0.06373289227485657 0.9362671375274658
1 0.0770864263176918 0.9229136109352112
1 0.031056459993124008 0.9689434766769409
1 0.12196466326713562 0.878035306930542
1 0.056300561875104904 0.9436994791030884
1 0.07449617236852646 0.9255039095878601
1 0.019059330224990845 0.9809406399726868
1 0.04479215294122696 0.955207884311676
1 0.015541357919573784 0.9844586849212646
1 0.13940322399139404 0.8605968356132507
1 0.04582418128848076 0.9541758298873901
1 0.09354840219020844 0.9064516425132751
1 0.013928414322435856 0.9860716462135315
1 0.04127341881394386 0.9587265253067017
1 0.022969631478190422 0.9770303964614868
1 0.008590251207351685 0.9914097189903259
1 0.03673114255070686 0.9632688760757446
1 0.08726227283477783 0.9127377271652222
1 0.039645738899707794 0.9603542685508728
1 0.0737200453877449 0.9262799620628357
1 0.009329053573310375 0.990670919418335
1 0.14335207641124725 0.8566479086875916
1 0.11871065199375153 0.8812893033027649
1 0.10353563725948334 0.8964643478393555
1 0.008448854088783264 0.9915511608123779
1 0.04455573856830597 0.9554442763328552
1 0.039727792143821716 0.9602722525596619
1 0.006550532300025225 0.9934495091438293
1 0.020360412076115608 0.9796395897865295
1 0.017734048888087273 0.9822659492492676
1 0.05454261600971222 0.9454573392868042
1 0.01096166018396616 0.989038348197937
1 0.06513885408639908 0.9348611235618591
1 0.07399027794599533 0.9260097146034241
1 0.057903412729501724 0.9420965909957886
1 0.02462838962674141 0.9753715395927429
1 0.05496874079108238 0.9450312852859497
1 0.0939931645989418 0.9060068726539612
1 0.11612201482057571 0.8838779330253601
1 0.042943306267261505 0.9570567607879639
1 0.01207131426781416 0.9879286885261536
1 0.06906279921531677 0.9309371709823608
1 0.04964325204491615 0.9503567218780518
1 0.013318893499672413 0.9866811037063599
1 0.13924401998519897 0.8607560396194458
1 0.014770417474210262 0.9852295517921448
1 0.08283191174268723 0.9171680808067322
1 0.04087424278259277 0.9591257572174072
1 0.04087424278259277 0.9591257572174072
1 0.0643984004855156 0.9356016516685486
1 0.05444464087486267 0.9455553889274597
1 0.015649398788809776 0.9843505620956421
1 0.013318893499672413 0.9866811037063599
1 0.0153404725715518 0.9846595525741577
1 0.03084976226091385 0.9691502451896667
1 0.0349637046456337 0.9650363326072693
1 0.03687795624136925 0.9631220102310181
1 0.05583178251981735 0.944168210029602
1 0.04362035170197487 0.9563797116279602
1 0.12130609899759293 0.8786939382553101
1 0.008251805789768696 0.9917482137680054
1 0.019113637506961823 0.9808863997459412
1 0.05709236115217209 0.9429076313972473
1 0.05985485017299652 0.9401451945304871
1 0.01686367206275463 0.9831363558769226
1 0.07173671573400497 0.9282633066177368
1 0.024837493896484375 0.9751625061035156
1 0.06348364055156708 0.9365163445472717
1 0.05870111286640167 0.9412989020347595
1 0.08860482275485992 0.9113951921463013
1 0.03673114255070686 0.9632688760757446
1 0.025884142145514488 0.974115788936615
1 0.03910381346940994 0.9608961343765259
1 0.10723740607500076 0.8927626013755798
1 0.018739808350801468 0.9812601804733276
1 0.045459166169166565 0.9545408487319946
1 0.147603377699852 0.8523966073989868
1 0.035098619759082794 0.9649014472961426
1 0.06466005742549896 0.9353398680686951
1 0.024564534425735474 0.9754354357719421
1 0.04403030872344971 0.9559696912765503
1 0.092291459441185 0.907708466053009
1 0.07506949454545975 0.9249305129051208
1 0.0974499061703682 0.9025500416755676
1 0.00648444052785635 0.9935156106948853
1 0.08267061412334442 0.9173293113708496
1 0.04028817266225815 0.9597118496894836
1 0.024516131728887558 0.9754838347434998
1 0.01686367206275463 0.9831363558769226
1 0.09352496266365051 0.9064750671386719
1 0.04738253355026245 0.9526174068450928
1 0.13977818191051483 0.860221803188324
1 0.04021916538476944 0.9597808122634888
1 0.004869482945650816 0.9951305389404297
1 0.006550532300025225 0.9934495091438293
1 0.09956742823123932 0.9004325866699219
1 0.03475402295589447 0.9652459621429443
1 0.0208955779671669 0.9791043996810913
1 0.05583178251981735 0.944168210029602
1 0.05035019293427467 0.9496498107910156
1 0.025769954547286034 0.9742300510406494
1 0.02918691374361515 0.9708131551742554
1 0.0208955779671669 0.9791043996810913
1 0.07545670121908188 0.9245433211326599
1 0.02527512237429619 0.9747248888015747
1 0.022379782050848007 0.9776201844215393
1 0.032766591757535934 0.9672333598136902
1 0.03926249220967293 0.9607374668121338
1 0.013900535181164742 0.9860994219779968
1 0.05488849803805351 0.9451114535331726
1 0.0552099347114563 0.9447901248931885
1 0.08219008147716522 0.9178099036216736
1 0.06348364055156708 0.9365163445472717
1 0.006953300908207893 0.9930467009544373
1 0.07724326103925705 0.9227567315101624
1 0.05587071180343628 0.9441293478012085
1 0.047387853264808655 0.9526121020317078
1 0.06452036648988724 0.9354796409606934
1 0.0197231937199831 0.9802768230438232
1 0.08690964430570602 0.9130904078483582
1 0.06171370670199394 0.938286304473877
1 0.03091439977288246 0.9690855741500854
1 0.00453033484518528 0.9954696893692017
1 0.03439977392554283 0.9656002521514893
1 0.007322854362428188 0.9926770925521851
1 0.04964325204491615 0.9503567218780518
1 0.00799478404223919 0.9920051693916321
1 0.09731641411781311 0.9026836156845093
1 0.03452376276254654 0.9654762744903564
1 0.10789608210325241 0.8921038508415222
1 0.06368182599544525 0.9363180994987488
1 0.09931594878435135 0.9006839990615845
1 0.0791911631822586 0.9208088517189026
1 0.0568782277405262 0.9431217908859253
1 0.07449617236852646 0.9255039095878601
1 0.06709354370832443 0.932906448841095
1 0.008208955638110638 0.9917910099029541
1 0.007236143574118614 0.9927638173103333
1 0.0707176923751831 0.9292823076248169
1 0.014108027331531048 0.9858919978141785
1 0.13940322399139404 0.8605968356132507
1 0.01207131426781416 0.9879286885261536
1 0.059970319271087646 0.9400297403335571
1 0.028190376237034798 0.9718096256256104
1 0.048415981233119965 0.9515840411186218
1 0.037907566875219345 0.962092399597168
1 0.07040559500455856 0.9295943975448608
1 0.07184821367263794 0.9281517863273621
1 0.017394432798027992 0.9826055765151978
1 0.034431759268045425 0.9655682444572449
1 0.14769981801509857 0.852300226688385
1 0.020565662533044815 0.9794343113899231
1 0.05825508013367653 0.9417449235916138
1 0.028415516018867493 0.9715844988822937
1 0.021119127050042152 0.9788808822631836
1 0.11256282031536102 0.8874371647834778
1 0.06950805336236954 0.9304919242858887
1 0.013900535181164742 0.9860994219779968
1 0.08312768489122391 0.9168723225593567
1 0.01207131426781416 0.9879286885261536
1 0.043586838990449905 0.9564131498336792
1 0.03254837542772293 0.9674516916275024
1 0.14994986355304718 0.850050151348114
1 0.01207131426781416 0.9879286885261536
1 0.007322854362428188 0.9926770925521851
1 0.0158357135951519 0.984164297580719
1 0.015163598582148552 0.9848363995552063
1 0.06544654071331024 0.9345534443855286
1 0.009900172241032124 0.9900998473167419
1 0.04537662863731384 0.9546234011650085
1 0.006724116392433643 0.9932758808135986
1 0.07606901228427887 0.9239310026168823
1 0.00592760369181633 0.9940723776817322
1 0.04021916538476944 0.9597808122634888
0 0.783120334148407 0.21687962114810944
0 0.9786166548728943 0.021383391693234444
0 0.7321708798408508 0.267829030752182
0 0.9475797414779663 0.05242028087377548
0 0.9300549030303955 0.06994504481554031
0 0.9420335292816162 0.05796650052070618
0 0.9777683615684509 0.0222316887229681
0 0.9300549030303955 0.06994504481554031
0 0.8091719746589661 0.19082799553871155
0 0.962074875831604 0.037925101816654205
0 0.9458696842193604 0.054130278527736664
0 0.9146870970726013 0.08531294763088226
0 0.783120334148407 0.21687962114810944
0 0.770063042640686 0.2299368977546692
0 0.9836735725402832 0.016326414421200752
0 0.9387481808662415 0.06125175952911377
0 0.785439133644104 0.21456082165241241
0 0.9063460826873779 0.09365395456552505
0 0.7862203121185303 0.2137797474861145
0 0.958417534828186 0.04158242046833038
0 0.9561102390289307 0.04388982802629471
0 0.9244899153709412 0.07551011443138123
0 0.9786166548728943 0.021383391693234444
0 0.9752199649810791 0.024780062958598137
0 0.8523725867271423 0.14762741327285767
0 0.7340637445449829 0.2659362852573395
0 0.9704760909080505 0.029523886740207672
0 0.7430157661437988 0.25698423385620117
0 0.7502545118331909 0.2497454285621643
0 0.6872925758361816 0.31270745396614075
0 0.9939028024673462 0.006097255740314722
0 0.9300549030303955 0.06994504481554031
0 0.9865354895591736 0.013464518822729588
0 0.9472976922988892 0.05270235985517502
0 0.9641883373260498 0.03581172972917557
0 0.9841429591178894 0.015857039019465446
0 0.9485237002372742 0.05147634819149971
0 0.8866277933120728 0.11337225884199142
0 0.823554277420044 0.17644572257995605
0 0.9113604426383972 0.08863958716392517
0 0.7217155694961548 0.2782845199108124
0 0.7807791233062744 0.2192208468914032
0 0.9933019876480103 0.006698007229715586
0 0.9620171785354614 0.03798285871744156
0 0.9777683615684509 0.0222316887229681
0 0.9771774411201477 0.02282254584133625
0 0.9803426861763 0.01965733803808689
0 0.9472976922988892 0.05270235985517502
0 0.7216826677322388 0.27831730246543884
0 0.9790961742401123 0.020903803408145905
0 0.9026216268539429 0.09737832099199295
0 0.9905813932418823 0.009418575093150139
0 0.9154759645462036 0.0845239907503128
0 0.9572053551673889 0.042794663459062576
0 0.7340637445449829 0.2659362852573395
0 0.9777683615684509 0.0222316887229681
0 0.6399165987968445 0.3600834310054779
0 0.9942343831062317 0.005765650887042284
0 0.7100003957748413 0.2899995744228363
0 0.9420335292816162 0.05796650052070618
0 0.9456504583358765 0.05434956029057503
0 0.5906084775924683 0.4093915820121765
0 0.9230893850326538 0.07691062986850739
0 0.9620171785354614 0.03798285871744156
0 0.8471805453300476 0.1528194397687912
0 0.7794058322906494 0.220594123005867
0 0.9458696842193604 0.054130278527736664
0 0.9924349188804626 0.00756506621837616
0 0.990433931350708 0.009566083550453186
0 0.7502545118331909 0.2497454285621643
0 0.9895563721656799 0.01044359803199768
0 0.9113604426383972 0.08863958716392517
0 0.9341749548912048 0.06582502275705338
0 0.8179375529289246 0.18206246197223663
0 0.8685676455497742 0.13143235445022583
0 0.9777858853340149 0.022214066237211227
0 0.7100003957748413 0.2899995744228363
0 0.8305174112319946 0.16948257386684418
0 0.9244899153709412 0.07551011443138123
0 0.9472976922988892 0.05270235985517502
0 0.8685676455497742 0.13143235445022583
0 0.9475797414779663 0.05242028087377548
0 0.8906870484352112 0.1093129962682724
0 0.9831483364105225 0.01685168221592903
0 0.6452032923698425 0.35479670763015747
0 0.7321708798408508 0.267829030752182
0 0.9857996702194214 0.014200313948094845
0 0.9924349188804626 0.00756506621837616
0 0.9119173288345337 0.0880827009677887
0 0.7340637445449829 0.2659362852573395
0 0.9582918286323547 0.041708189994096756
0 0.9853590726852417 0.014640886336565018
0 0.7074675559997559 0.29253241419792175
0 0.8981918692588806 0.10180815309286118
0 0.9456504583358765 0.05434956029057503
0 0.7100003957748413 0.2899995744228363
0 0.9827160835266113 0.01728392206132412
0 0.7996734380722046 0.200326606631279
1 0.04548121988773346 0.9545187950134277
1 0.047963980585336685 0.9520359635353088
1 0.06748782843351364 0.9325121641159058
1 0.06244530528783798 0.9375547766685486
1 0.06857866048812866 0.9314213395118713
1 0.06126270815730095 0.9387372732162476
1 0.07802274823188782 0.9219772219657898
1 0.06436356902122498 0.9356364011764526
1 0.07256226986646652 0.9274376630783081
1 0.09117189049720764 0.9088281393051147
1 0.07927996665239334 0.9207199811935425
1 0.05661947652697563 0.9433804750442505
1 0.053793247789144516 0.9462067484855652
1 0.0393715463578701 0.9606284499168396
1 0.05140714347362518 0.9485929012298584
1 0.04418068379163742 0.9558193683624268
1 0.06376706808805466 0.9362329840660095
1 0.03363192453980446 0.9663680195808411
1 0.04944588243961334 0.9505541324615479
1 0.08597464859485626 0.9140253067016602
1 0.04478606954216957 0.9552138447761536
1 0.03195347264409065 0.9680464863777161
1 0.032434526830911636 0.9675654768943787
1 0.01342843845486641 0.9865715503692627
1 0.0648706778883934 0.9351294040679932
1 0.09243869036436081 0.9075613021850586
1 0.09423335641622543 0.9057666063308716
1 0.0852898508310318 0.9147101044654846
1 0.08399146795272827 0.916008472442627
1 0.021145332604646683 0.9788546562194824
1 0.02385680377483368 0.9761432409286499
1 0.08217254281044006 0.9178274869918823
1 0.03271667659282684 0.967283308506012
1 0.02884775772690773 0.9711522459983826
1 0.04932234436273575 0.9506776928901672
1 0.09206946939229965 0.9079305529594421
1 0.10619918256998062 0.8938008546829224
1 0.08414404094219208 0.9158560037612915
1 0.08271625638008118 0.9172837138175964
1 0.024808000773191452 0.9751919507980347
1 0.028240948915481567 0.9717590808868408
1 0.08012383431196213 0.9198761582374573
1 0.030453519895672798 0.9695464372634888
1 0.026740439236164093 0.9732595682144165
1 0.030816778540611267 0.9691832065582275
1 0.029347622767090797 0.9706524014472961
1 0.08307108283042908 0.9169289469718933
1 0.08253178745508194 0.9174681901931763
1 0.08481139689683914 0.9151886105537415
1 0.08598405867815018 0.9140159487724304
1 0.08616238832473755 0.9138376116752625
1 0.04935331642627716 0.950646698474884
1 0.050392936915159225 0.9496071338653564
1 0.03352707251906395 0.9664729237556458
1 0.021797819063067436 0.9782021641731262
1 0.04559406638145447 0.9544059634208679
1 0.04171135649085045 0.9582886695861816
1 0.04054190590977669 0.95945805311203
1 0.04620231315493584 0.9537976980209351
1 0.04080071672797203 0.9591992497444153
1 0.043764375150203705 0.9562356472015381
1 0.05324390158057213 0.9467560648918152
1 0.06168781593441963 0.9383122324943542
1 0.043528299778699875 0.9564717411994934
1 0.031598903238773346 0.9684010744094849
1 0.049316100776195526 0.9506838321685791
1 0.047701396048069 0.9522985816001892
1 0.050113920122385025 0.9498860239982605
1 0.06849890947341919 0.9315010905265808
1 0.07436207681894302 0.9256378412246704
1 0.07202690094709396 0.9279731512069702
1 0.06938192993402481 0.9306180477142334
1 0.07359424233436584 0.9264057874679565
1 0.07436671853065491 0.9256332516670227
1 0.08958401530981064 0.9104159474372864
1 0.031270503997802734 0.9687294363975525
1 0.057846758514642715 0.9421532154083252
1 0.0631536990404129 0.9368463158607483
1 0.05105734243988991 0.9489427208900452
1 0.0709284245967865 0.9290716052055359
1 0.0595826730132103 0.9404172897338867
1 0.060512006282806396 0.9394879341125488
1 0.055458199232816696 0.9445418119430542
1 0.05066996067762375 0.9493300914764404
1 0.07949286699295044 0.9205071330070496
1 0.0311240516602993 0.9688758850097656
1 0.038275256752967834 0.9617248177528381
1 0.044301796704530716 0.9556981325149536
1 0.04548121988773346 0.9545187950134277
1 0.047963980585336685 0.9520359635353088
1 0.06828834861516953 0.9317116141319275
1 0.06608850508928299 0.9339115023612976
1 0.06943687051534653 0.9305631518363953
1 0.06826544553041458 0.9317345023155212
1 0.06907016038894653 0.9309298396110535
1 0.05724649503827095 0.9427534341812134
1 0.06568198651075363 0.9343180060386658
1 0.07661596685647964 0.9233840703964233
1 0.06930079311132431 0.9306992292404175
1 0.05470185726881027 0.9452981352806091
1 0.03855891898274422 0.9614410996437073
1 0.05364072695374489 0.9463592767715454
1 0.07600605487823486 0.9239938855171204
1 0.048598043620586395 0.951401948928833
1 0.043739479035139084 0.9562605023384094
1 0.025216681882739067 0.9747833013534546
1 0.03712783381342888 0.9628722071647644
1 0.0344376266002655 0.9655624032020569
1 0.03730737790465355 0.9626926183700562
1 0.014994267374277115 0.9850056767463684
1 0.030816778540611267 0.9691832065582275
1 0.029347622767090797 0.9706524014472961
1 0.08229083567857742 0.9177091717720032
1 0.0875847116112709 0.9124152660369873
1 0.07405638694763184 0.9259435534477234
1 0.0867202877998352 0.9132797718048096
1 0.09049779921770096 0.9095022082328796
1 0.019748682156205177 0.9802512526512146
1 0.04209194704890251 0.9579080939292908
1 0.0453728549182415 0.9546270966529846
1 0.041049450635910034 0.9589505791664124
1 0.033150795847177505 0.9668492078781128
1 0.04115188866853714 0.9588480591773987
1 0.04162140563130379 0.9583785533905029
1 0.03474925458431244 0.9652507305145264
1 0.04241457208991051 0.9575853943824768
1 0.0475262887775898 0.9524736404418945
1 0.016834856942296028 0.9831651449203491
1 0.053157128393650055 0.9468428492546082
1 0.04306184872984886 0.9569381475448608
1 0.04373234510421753 0.9562675952911377
1 0.05037108063697815 0.9496289491653442
1 0.022976482287049294 0.9770235419273376
1 0.011706335470080376 0.9882936477661133
1 0.06098150834441185 0.9390184879302979
1 0.06540798395872116 0.9345920085906982
1 0.07942796498537064 0.92057204246521
1 0.07401071488857269 0.9259892702102661
1 0.07579569518566132 0.9242043495178223
1 0.0486326701939106 0.9513673186302185
1 0.0694786086678505 0.9305214285850525
1 0.07711774855852127 0.9228821992874146
1 0.0625319629907608 0.9374679923057556
1 0.060540080070495605 0.9394599795341492
1 0.03352980688214302 0.9664702415466309
1 0.04266250878572464 0.9573375582695007
1 0.05230354890227318 0.9476964473724365
1 0.0500689260661602 0.9499311447143555
1 0.053695566952228546 0.9463043808937073
1 0.06374524533748627 0.9362547993659973
1 0.061124686151742935 0.9388753175735474
1 0.05793553218245506 0.9420644044876099
1 0.067769356071949 0.9322305917739868
1 0.04048530012369156 0.9595146775245667
1 0.025082096457481384 0.9749178886413574
1 0.01478541549295187 0.9852146506309509
1 0.055793892592191696 0.9442060589790344
1 0.05734167620539665 0.9426583051681519
1 0.064682736992836 0.9353172779083252
1 0.07494043558835983 0.9250594973564148
1 0.0599515363574028 0.9400484561920166
1 0.021167200058698654 0.9788328409194946
1 0.02811385504901409 0.971886157989502
1 0.04563320428133011 0.9543667435646057
1 0.020153066143393517 0.9798469543457031
1 0.03996085003018379 0.9600391387939453
1 0.03233541548252106 0.9676645994186401
1 0.035461459308862686 0.9645385146141052
1 0.04704909399151802 0.9529509544372559
1 0.053294744342565536 0.9467052817344666
1 0.04387294128537178 0.9561269879341125
1 0.023764878511428833 0.9762351512908936
1 0.03309739753603935 0.9669026136398315
1 0.03689704090356827 0.9631028771400452
1 0.029916943982243538 0.9700830578804016
1 0.03715527057647705 0.9628447890281677
1 0.13624806702136993 0.8637518882751465
1 0.06645157188177109 0.9335484504699707
1 0.07522362470626831 0.9247764348983765
1 0.0674487054347992 0.9325513243675232
1 0.1664222925901413 0.8335777521133423
1 0.11630646884441376 0.8836935758590698
1 0.06488694995641708 0.9351130127906799
1 0.1629614382982254 0.8370385766029358
1 0.16221627593040466 0.8377837538719177
1 0.17341546714305878 0.82658451795578
1 0.133320614695549 0.8666793704032898
1 0.1472034454345703 0.8527964949607849
1 0.13584914803504944 0.864150881767273
1 0.11203871667385101 0.887961208820343
1 0.09650783240795135 0.9034922122955322
1 0.11996913701295853 0.8800308704376221
1 0.064259834587574 0.9357401132583618
1 0.1411152184009552 0.8588847517967224
1 0.09095337986946106 0.9090466499328613
1 0.0981844961643219 0.9018155336380005
1 0.10801666229963303 0.8919833302497864
1 0.21127592027187347 0.7887241244316101
1 0.11763325333595276 0.8823667764663696
1 0.04772275686264038 0.9522771835327148
1 0.07663559168577194 0.9233644604682922
1 0.3713497817516327 0.6286502480506897
1 0.073942631483078 0.9260573387145996
1 0.03619000315666199 0.9638099670410156
1 0.3713497817516327 0.6286502480506897
1 0.13456659018993378 0.865433394908905
1 0.1514800637960434 0.8485199213027954
1 0.12634825706481934 0.8736516833305359
1 0.11280425637960434 0.8871957659721375
1 0.10757797956466675 0.8924220204353333
1 0.040395405143499374 0.9596045613288879
1 0.16308927536010742 0.8369107246398926
1 0.06426285207271576 0.9357370734214783
1 0.13377048075199127 0.8662294745445251
1 0.15833759307861328 0.8416624665260315
1 0.06825435161590576 0.931745707988739
1 0.05913916230201721 0.9408608675003052
1 0.036250632256269455 0.9637492895126343
1 0.18280759453773499 0.8171923756599426
1 0.09224603325128555 0.9077539443969727
1 0.13378728926181793 0.8662126660346985
1 0.12552285194396973 0.874477207660675
1 0.030173659324645996 0.969826340675354
1 0.11954547464847565 0.8804545402526855
1 0.107340507209301 0.8926594853401184
1 0.06415186077356339 0.9358481764793396
1 0.4178755283355713 0.5821244716644287
1 0.3452499806880951 0.6547499299049377
1 0.3487972915172577 0.6512026786804199
1 0.2883950471878052 0.71160489320755
1 0.2003788948059082 0.7996211647987366
1 0.3126479685306549 0.6873520612716675
1 0.4023946225643158 0.5976053476333618
1 0.44252002239227295 0.5574799180030823
1 0.36745238304138184 0.6325476169586182
1 0.34549781680107117 0.6545022130012512
1 0.35340753197669983 0.6465924978256226
1 0.284397155046463 0.7156028747558594
1 0.3279533088207245 0.6720467209815979
1 0.4577518403530121 0.5422481894493103
1 0.40299615263938904 0.5970038175582886
1 0.2506280541419983 0.7493719458580017
1 0.3303370177745819 0.6696630120277405
1 0.33640551567077637 0.6635944843292236
1 0.3152407109737396 0.684759259223938
1 0.3897656500339508 0.6102343797683716
1 0.21153104305267334 0.7884689569473267
1 0.3180554211139679 0.6819446086883545
1 0.2430846244096756 0.7569153308868408
1 0.3452499806880951 0.6547499299049377
1 0.39314526319503784 0.6068547368049622
1 0.4023946225643158 0.5976053476333618
1 0.3086715042591095 0.6913284659385681
1 0.4122965633869171 0.5877034664154053
1 0.2950843870639801 0.7049155831336975
1 0.30107900500297546 0.6989210247993469
1 0.3852645456790924 0.61473548412323
1 0.20089402794837952 0.7991060018539429
1 0.3432416021823883 0.6567583680152893
1 0.35180220007896423 0.6481978297233582
1 0.23526105284690857 0.764738917350769
1 0.23705697059631348 0.7629430294036865
1 0.28837624192237854 0.7116237282752991
1 0.3449055552482605 0.6550945043563843
1 0.36745238304138184 0.6325476169586182
1 0.3130393624305725 0.6869606375694275
1 0.2423170506954193 0.7576829791069031
1 0.3410494327545166 0.6589505672454834
1 0.3177144527435303 0.6822855472564697
1 0.3397946357727051 0.6602053642272949
1 0.3172767162322998 0.6827232837677002
1 0.24628372490406036 0.7537163496017456
1 0.21490541100502014 0.7850946187973022
1 0.39818960428237915 0.6018103957176208
1 0.4178755283355713 0.5821244716644287
1 0.26359912753105164 0.7364009022712708
1 0.2091217339038849 0.7908782958984375
1 0.2408602237701416 0.7591397166252136
1 0.34549781680107117 0.6545022130012512
1 0.1926906257867813 0.8073093891143799
1 0.2307320535182953 0.7692679762840271
1 0.3278663754463196 0.6721336245536804
1 0.3700721859931946 0.6299278736114502
1 0.35872772336006165 0.641272246837616
1 0.25360822677612305 0.7463918328285217
1 0.18654349446296692 0.8134565353393555
1 0.18654349446296692 0.8134565353393555
1 0.42023149132728577 0.5797685384750366
1 0.29451441764831543 0.7054856419563293
1 0.3668069839477539 0.6331930160522461
1 0.3275485634803772 0.6724514365196228
1 0.38719576597213745 0.6128042936325073
1 0.2955119013786316 0.7044880986213684
1 0.3240426182746887 0.6759573817253113
1 0.3130393624305725 0.6869606375694275
1 0.34674251079559326 0.6532574892044067
1 0.4472757577896118 0.5527242422103882
1 0.2430846244096756 0.7569153308868408
1 0.26729461550712585 0.7327054142951965
1 0.3987932503223419 0.6012067794799805
1 0.3897656500339508 0.6102343797683716
1 0.33051812648773193 0.6694818735122681
1 0.36303314566612244 0.6369668841362
1 0.3539767563343048 0.6460232734680176
1 0.29231488704681396 0.707685112953186
1 0.34549781680107117 0.6545022130012512
1 0.3586731553077698 0.6413268446922302
1 0.2548695206642151 0.7451304793357849
1 0.4781838059425354 0.5218161940574646
1 0.2955119013786316 0.7044880986213684
1 0.2003788948059082 0.7996211647987366
1 0.37269288301467896 0.627307116985321
1 0.22294554114341736 0.7770544290542603
1 0.3130393624305725 0.6869606375694275
1 0.3275485634803772 0.6724514365196228
1 0.2506280541419983 0.7493719458580017
1 0.26922544836997986 0.7307745814323425
1 0.36745238304138184 0.6325476169586182
1 0.2793148458003998 0.7206851840019226
1 0.36518245935440063 0.6348174810409546
1 0.2743326723575592 0.7256673574447632
1 0.4472757577896118 0.5527242422103882
1 0.18654349446296692 0.8134565353393555
1 0.3668069839477539 0.6331930160522461
1 0.2506280541419983 0.7493719458580017
1 0.20089402794837952 0.7991060018539429
0 0.6767529249191284 0.32324710488319397
0 0.6835888624191284 0.3164111375808716
0 0.928266704082489 0.07173331826925278
0 0.9246870875358582 0.07531286031007767
1 0.49269041419029236 0.50730961561203
0 0.8700912594795227 0.12990880012512207
0 0.9523274898529053 0.0476725772023201
1 0.3495790660381317 0.6504209637641907
0 0.9912686347961426 0.008731378242373466
0 0.9779064655303955 0.022093476727604866
0 0.9607574939727783 0.03924251347780228
0 0.915133535861969 0.084866464138031
0 0.8193459510803223 0.18065407872200012
0 0.6173911094665527 0.3826088607311249
0 0.8999613523483276 0.10003861784934998
0 0.6147315502166748 0.3852684497833252
0 0.9869388341903687 0.01306111179292202
0 0.7422248721122742 0.25777509808540344
0 0.703998863697052 0.296001136302948
0 0.9324325323104858 0.06756743043661118
0 0.9164543151855469 0.08354563266038895
0 0.6355639100074768 0.3644360601902008
0 0.9399403929710388 0.0600595586001873
0 0.7956825494766235 0.20431748032569885
0 0.9164543151855469 0.08354563266038895
0 0.7154549360275269 0.28454509377479553
0 0.9598102569580078 0.04018973186612129
0 0.9610396027565002 0.03896043077111244
0 0.6730220317840576 0.32697793841362
0 0.5326023101806641 0.46739766001701355
0 0.9661273956298828 0.03387264534831047
0 0.8151651620864868 0.1848348081111908
0 0.6201101541519165 0.37988993525505066
0 0.9862257242202759 0.013774283230304718
1 0.35419681668281555 0.6458032131195068
0 0.9177581667900085 0.08224185556173325
0 0.9399403929710388 0.0600595586001873
0 0.9192774295806885 0.08072254806756973
0 0.703998863697052 0.296001136302948
1 0.49665912985801697 0.5033408999443054
1 0.1802481859922409 0.8197517991065979
1 0.08186297118663788 0.9181369543075562
1 0.10855145007371902 0.8914486169815063
1 0.14233703911304474 0.8576629757881165
1 0.10168013721704483 0.8983199000358582
1 0.19802749156951904 0.8019725680351257
1 0.1105792373418808 0.8894208073616028
1 0.11847501993179321 0.8815250396728516
1 0.10168013721704483 0.8983199000358582
1 0.025902634486556053 0.9740973711013794
1 0.12797033786773682 0.8720296621322632
1 0.03822559490799904 0.9617744088172913
1 0.11847501993179321 0.8815250396728516
1 0.02333120070397854 0.9766687750816345
1 0.08719521015882492 0.9128048419952393
1 0.09694619476795197 0.9030538201332092
1 0.10775474458932877 0.8922452330589294
1 0.10168013721704483 0.8983199000358582
1 0.21427102386951447 0.785728931427002
1 0.09694619476795197 0.9030538201332092
1 0.10038823634386063 0.89961177110672
1 0.12797033786773682 0.8720296621322632
1 0.10038823634386063 0.89961177110672
1 0.05903901904821396 0.9409610033035278
1 0.07122501730918884 0.9287749528884888
1 0.07122501730918884 0.9287749528884888
1 0.04712321609258652 0.9528768062591553
1 0.09349315613508224 0.9065068960189819
1 0.13179221749305725 0.8682078123092651
1 0.09951575845479965 0.9004842638969421
1 0.12826091051101685 0.8717390298843384
1 0.05850318819284439 0.9414968490600586
1 0.1521804928779602 0.8478195667266846
1 0.18301072716712952 0.8169892430305481
1 0.07681655883789062 0.9231834411621094
1 0.05903901904821396 0.9409610033035278
1 0.12826091051101685 0.8717390298843384
1 0.08940672129392624 0.9105932116508484
1 0.17238879203796387 0.8276112675666809
1 0.13395404815673828 0.8660460114479065
1 0.04578316584229469 0.9542168378829956
1 0.1849612146615982 0.8150388598442078
1 0.17653895914554596 0.8234609961509705
1 0.18699580430984497 0.813004195690155
1 0.18699580430984497 0.813004195690155
1 0.14125584065914154 0.8587441444396973
1 0.16416814923286438 0.8358318209648132
1 0.05537479370832443 0.944625198841095
1 0.137779101729393 0.8622209429740906
1 0.1715656816959381 0.8284342885017395
1 0.11403443664312363 0.8859655261039734
1 0.14095675945281982 0.8590432405471802
1 0.057758674025535583 0.942241370677948
1 0.17197953164577484 0.8280205130577087
1 0.20132581889629364 0.7986742258071899
1 0.1563289910554886 0.8436709642410278
1 0.2069706916809082 0.793029248714447
1 0.22618168592453003 0.7738183736801147
1 0.09347758442163467 0.9065223336219788
1 0.10262999683618546 0.8973700404167175
1 0.08602582663297653 0.9139741063117981
1 0.19076938927173615 0.8092306852340698
1 0.17080453038215637 0.8291954398155212
1 0.14654260873794556 0.8534573912620544
1 0.03238210827112198 0.9676178097724915
1 0.1445520967245102 0.8554479479789734
1 0.14901059865951538 0.8509894609451294
1 0.08565521985292435 0.9143447875976562
1 0.21038059890270233 0.7896193265914917
1 0.18981525301933289 0.8101847171783447
1 0.107780821621418 0.8922191858291626
1 0.15678024291992188 0.8432197570800781
1 0.14745086431503296 0.852549135684967
1 0.14302316308021545 0.8569768667221069
1 0.05537479370832443 0.944625198841095
1 0.2065363973379135 0.7934635877609253
1 0.16416814923286438 0.8358318209648132
1 0.1094747930765152 0.890525221824646
1 0.17197953164577484 0.8280205130577087
1 0.05919589474797249 0.9408040642738342
1 0.13946962356567383 0.8605303168296814
1 0.1493203341960907 0.8506796360015869
1 0.2065363973379135 0.7934635877609253
1 0.2140367329120636 0.7859632968902588
1 0.2269260436296463 0.7730739712715149
1 0.12156155705451965 0.8784384727478027
1 0.07693225145339966 0.9230677485466003
1 0.14654260873794556 0.8534573912620544
1 0.22618168592453003 0.7738183736801147
1 0.04578316584229469 0.9542168378829956
1 0.18966296315193176 0.8103370070457458
1 0.2140367329120636 0.7859632968902588
1 0.18353739380836487 0.8164626359939575
1 0.06822361052036285 0.9317764043807983
1 0.11809079349040985 0.881909191608429
1 0.1693420112133026 0.830657958984375
1 0.05537479370832443 0.944625198841095
1 0.04578316584229469 0.9542168378829956
1 0.1722109019756317 0.8277891278266907
1 0.1094747930765152 0.890525221824646
1 0.19076938927173615 0.8092306852340698
1 0.07693225145339966 0.9230677485466003
1 0.1300964653491974 0.8699035048484802
1 0.09752656519412994 0.9024734497070312
1 0.08706169575452805 0.9129382371902466
1 0.19113057851791382 0.8088693618774414
1 0.1849612146615982 0.8150388598442078
1 0.17625421285629272 0.8237457871437073
1 0.16452936828136444 0.8354706168174744
1 0.2140367329120636 0.7859632968902588
1 0.15788979828357697 0.8421101570129395
1 0.15776073932647705 0.842239260673523
1 0.1849612146615982 0.8150388598442078
1 0.15917563438415527 0.8408243656158447
1 0.23123280704021454 0.768767237663269
1 0.1619694083929062 0.8380305767059326
1 0.18353739380836487 0.8164626359939575
1 0.16452936828136444 0.8354706168174744
1 0.09752656519412994 0.9024734497070312
1 0.19076938927173615 0.8092306852340698
0 0.7397208213806152 0.26027917861938477
0 0.8417264819145203 0.15827351808547974
0 0.7374919652938843 0.2625080943107605
0 0.8038731813430786 0.19612686336040497
0 0.7397208213806152 0.26027917861938477
0 0.803673267364502 0.19632677733898163
0 0.7574391961097717 0.24256083369255066
0 0.6064478754997253 0.39355209469795227
0 0.7374919652938843 0.2625080943107605
0 0.7283992171287537 0.27160075306892395
0 0.6202490329742432 0.3797509968280792
0 0.6576147675514221 0.3423852324485779
0 0.644559383392334 0.35544058680534363
0 0.6743136644363403 0.3256863057613373
0 0.6446595191955566 0.35534051060676575
0 0.682400107383728 0.31759995222091675
0 0.7253841757774353 0.2746158838272095
0 0.5642792582511902 0.4357207715511322
0 0.6609933376312256 0.3390067219734192
1 0.44932323694229126 0.5506767630577087
0 0.5722712278366089 0.4277287423610687
0 0.784267008304596 0.21573291718959808
0 0.6123766303062439 0.3876233994960785
0 0.5770981311798096 0.4229019284248352
0 0.7577416896820068 0.24225832521915436
0 0.6876998543739319 0.3123002052307129
0 0.5984214544296265 0.40157854557037354
0 0.6064478754997253 0.39355209469795227
0 0.7975207567214966 0.20247922837734222
0 0.704133927822113 0.29586610198020935
0 0.7883937954902649 0.21160617470741272
0 0.6372185349464417 0.36278146505355835
0 0.8431918621063232 0.15680812299251556
0 0.682400107383728 0.31759995222091675
0 0.5722712278366089 0.4277287423610687
0 0.644559383392334 0.35544058680534363
0 0.7397208213806152 0.26027917861938477
0 0.624027669429779 0.37597230076789856
0 0.7391728162765503 0.2608271539211273
0 0.6700020432472229 0.3299978971481323
0 0.9458513259887695 0.054148707538843155
0 0.9399940967559814 0.06000594049692154
0 0.9806382656097412 0.019361738115549088
0 0.9812341332435608 0.018765892833471298
1 0.15028263628482819 0.849717378616333
1 0.14511866867542267 0.8548813462257385
0 0.8685676455497742 0.13143235445022583
0 0.9364649057388306 0.06353510916233063
0 0.9096097946166992 0.0903901606798172
0 0.9536533951759338 0.04634656012058258
1 0.049426935613155365 0.9505730867385864
1 0.042227838188409805 0.9577721357345581
0 0.9458513259887695 0.054148707538843155
0 0.9625114798545837 0.03748852387070656
1 0.04582418128848076 0.9541758298873901
1 0.024478446692228317 0.9755215048789978
0 0.8854709267616272 0.1145290732383728
0 0.9516069889068604 0.04839295148849487
0 0.9515721201896667 0.04842783510684967
0 0.9687790274620056 0.031220970675349236
0 0.9803426861763 0.01965733803808689
0 0.9660608768463135 0.03393908217549324
1 0.06644298136234283 0.9335569739341736
1 0.09285757690668106 0.9071424007415771
0 0.8780918121337891 0.12190812081098557
0 0.9325947761535645 0.06740526109933853
0 0.9561102390289307 0.04388982802629471
0 0.9724901914596558 0.027509840205311775
1 0.08302333205938339 0.9169766902923584
1 0.03339412808418274 0.9666059017181396
0 0.9642603397369385 0.03573969751596451
0 0.8727555871009827 0.12724439799785614
1 0.09553087502717972 0.9044690728187561
1 0.0357135534286499 0.9642863869667053
0 0.8091719746589661 0.19082799553871155
0 0.8651852011680603 0.1348148137331009
0 0.9694036245346069 0.030596459284424782
0 0.941460907459259 0.058539018034935
1 0.028341885656118393 0.9716581106185913
1 0.010132658295333385 0.9898673295974731
1 0.060763824731111526 0.9392362236976624
1 0.01324851717799902 0.9867514371871948
0 0.9612746238708496 0.038725364953279495
0 0.9673274159431458 0.03267256170511246
0 0.8727485537528992 0.12725137174129486
0 0.812856912612915 0.18714308738708496
1 0.02146468497812748 0.9785352349281311
1 0.01720300503075123 0.9827970266342163
1 0.08842914551496506 0.9115709066390991
1 0.2691623866558075 0.7308375835418701
1 0.032447196543216705 0.9675527811050415
1 0.008754163980484009 0.9912458062171936
1 0.032957348972558975 0.9670426845550537
1 0.053875040262937546 0.9461249709129333
0 0.9777598977088928 0.022240055724978447
0 0.9762935638427734 0.02370643988251686
0 0.7671349048614502 0.2328650802373886
0 0.9663110375404358 0.03368891030550003
1 0.06927341967821121 0.9307265877723694
1 0.02457440085709095 0.9754255414009094
0 0.7301380038261414 0.26986196637153625
0 0.6486380696296692 0.3513619601726532
1 0.07828786224126816 0.9217121005058289
1 0.06013515964150429 0.9398648738861084
1 0.1415485292673111 0.8584515452384949
1 0.17987754940986633 0.820122480392456
0 0.7429053783416748 0.2570946514606476
0 0.6968261003494263 0.30317389965057373
0 0.7601453065872192 0.23985464870929718
0 0.7277085185050964 0.27229148149490356
0 0.6752225160598755 0.3247774541378021
0 0.6904287338256836 0.3095712661743164
0 0.823554277420044 0.17644572257995605
0 0.6326783299446106 0.3673216700553894
0 0.9127641916275024 0.08723574131727219
0 0.8872624635696411 0.11273748427629471
1 0.13064338266849518 0.869356632232666
1 0.036918338388204575 0.9630816578865051
1 0.08936556428670883 0.910634458065033
1 0.046853624284267426 0.9531463980674744
0 0.8834556937217712 0.11654424667358398
0 0.7063993215560913 0.2936006784439087
0 0.8596591353416443 0.1403408944606781
0 0.8645241260528564 0.13547591865062714
0 0.823554277420044 0.17644572257995605
0 0.6527178287506104 0.34728214144706726
1 0.03084976226091385 0.9691502451896667
1 0.024411650374531746 0.975588321685791
0 0.9800137281417847 0.019986193627119064
0 0.9940290451049805 0.005970943719148636
1 0.12394958734512329 0.8760504722595215
1 0.11174355447292328 0.8882564902305603
1 0.09103674441576004 0.9089632034301758
1 0.04969573765993118 0.9503043293952942
0 0.875240683555603 0.12475931644439697
0 0.8973709940910339 0.10262895375490189
0 0.8978756666183472 0.10212438553571701
0 0.9148523807525635 0.08514759689569473
1 0.0677407830953598 0.932259202003479
1 0.01488835085183382 0.985111653804779
0 0.9026216268539429 0.09737832099199295
0 0.681275486946106 0.31872445344924927
1 0.05488849803805351 0.9451114535331726
1 0.03148065507411957 0.968519389629364
1 0.10587351024150848 0.8941264748573303
1 0.09869454801082611 0.9013053774833679
1 0.1226358413696289 0.8773642182350159
1 0.06530065089464188 0.9346993565559387
1 0.05323869362473488 0.9467613101005554
1 0.04868854954838753 0.9513114094734192
1 0.05193594470620155 0.9480640292167664
1 0.02448836900293827 0.9755116701126099
1 0.022655917331576347 0.9773440957069397
1 0.06688963621854782 0.9331103563308716
1 0.06903187930583954 0.9309681057929993
1 0.057719096541404724 0.9422809481620789
1 0.03977826237678528 0.9602217078208923
1 0.024586180225014687 0.9754138588905334
1 0.06903187930583954 0.9309681057929993
1 0.04223232716321945 0.9577676653862
1 0.09553087502717972 0.9044690728187561
1 0.0357135534286499 0.9642863869667053
1 0.05480657145380974 0.9451934695243835
1 0.030306100845336914 0.9696939587593079
0 0.9584012031555176 0.04159874469041824
0 0.9850784540176392 0.014921586960554123
0 0.9300549030303955 0.06994504481554031
0 0.9934442043304443 0.006555833853781223
1 0.06414301693439484 0.9358569383621216
1 0.05493113771080971 0.945068895816803
0 0.9778351187705994 0.02216487191617489
0 0.7488837242126465 0.2511163353919983
1 0.1321803778409958 0.867819607257843
1 0.061686087399721146 0.938313901424408
0 0.8891412019729614 0.11085876822471619
0 0.9809023141860962 0.01909770257771015
0 0.7733645439147949 0.22663548588752747
0 0.6935420632362366 0.3064579665660858
0 0.7671349048614502 0.2328650802373886
0 0.8026180267333984 0.19738197326660156
0 0.8536996245384216 0.14630034565925598
0 0.7316805124282837 0.2683194875717163
0 0.8789122104644775 0.12108777463436127
0 0.8393411636352539 0.16065888106822968
1 0.057267721742391586 0.9427322745323181
1 0.05959264561533928 0.940407395362854
0 0.8980263471603394 0.10197365283966064
0 0.887226939201355 0.11277308315038681
0 0.9523833990097046 0.04761657118797302
0 0.8617069125175476 0.1382930725812912
1 0.05959182232618332 0.9404081106185913
1 0.07857473939657211 0.9214252829551697
0 0.9842431545257568 0.015756819397211075
0 0.7802145481109619 0.2197854071855545
0 0.7372108101844788 0.26278918981552124
0 0.7351994514465332 0.2648005485534668
0 0.8143665194511414 0.18563345074653625
0 0.7146760821342468 0.285323828458786
0 0.8789122104644775 0.12108777463436127
0 0.8709941506385803 0.12900586426258087
1 0.05488849803805351 0.9451114535331726
1 0.10626425594091415 0.8937357068061829
1 0.05323869362473488 0.9467613101005554
1 0.10897853970527649 0.8910214900970459
1 0.06709354370832443 0.932906448841095
1 0.09778603166341782 0.902213990688324
0 0.973350465297699 0.02664947509765625
0 0.9275465607643127 0.07245341688394547
0 0.5618412494659424 0.43815878033638
0 0.6714739203453064 0.3285260498523712
0 0.8789122104644775 0.12108777463436127
0 0.8004112243652344 0.19958876073360443
0 0.8997429013252258 0.10025712102651596
0 0.7253562211990356 0.27464380860328674
0 0.7817328572273254 0.21826711297035217
0 0.7103147506713867 0.2896851897239685
1 0.12394958734512329 0.8760504722595215
1 0.07230371236801147 0.9276962280273438
0 0.9778351187705994 0.02216487191617489
0 0.9847497940063477 0.015250138007104397
1 0.1098431944847107 0.8901568055152893
1 0.13591594994068146 0.8640841245651245
1 0.10166754573583603 0.8983324766159058
1 0.16183333098888397 0.8381666541099548
1 0.14606565237045288 0.8539343476295471
1 0.4669831395149231 0.5330168604850769
0 0.8520135283470154 0.14798647165298462
0 0.8387698531150818 0.1612301617860794
1 0.0677407830953598 0.932259202003479
1 0.022575771436095238 0.9774242639541626
1 0.05488849803805351 0.9451114535331726
1 0.03717619180679321 0.9628238081932068
1 0.1226358413696289 0.8773642182350159
1 0.08529282361268997 0.9147072434425354
1 0.0749407485127449 0.9250591993331909
1 0.07470768690109253 0.9252923727035522
1 0.03669603914022446 0.9633039832115173
1 0.050212323665618896 0.9497876167297363
1 0.13064338266849518 0.869356632232666
1 0.051096972078084946 0.94890296459198
1 0.056300561875104904 0.9436994791030884
1 0.07875160127878189 0.9212484359741211
1 0.25279900431632996 0.7472009658813477
1 0.21895082294940948 0.7810491919517517
1 0.06039140745997429 0.9396085143089294
1 0.06521734595298767 0.9347826838493347
0 0.8906870484352112 0.1093129962682724
0 0.8562943339347839 0.14370562136173248
1 0.0349637046456337 0.9650363326072693
1 0.11904541403055191 0.8809545636177063
1 0.10801953077316284 0.8919804692268372
1 0.04028817266225815 0.9597118496894836
1 0.10688359290361404 0.8931163549423218
1 0.049492545425891876 0.9505075216293335
1 0.034431759268045425 0.9655682444572449
1 0.027914604172110558 0.9720854163169861
1 0.028112035244703293 0.9718879461288452
1 0.10789608210325241 0.8921038508415222
1 0.06544607132673264 0.934553861618042
1 0.10930129885673523 0.8906987309455872
1 0.06348364055156708 0.9365163445472717
1 0.044494640082120895 0.95550537109375
1 0.19049690663814545 0.8095031380653381
1 0.02462838962674141 0.9753715395927429
1 0.01509448979049921 0.9849055409431458
1 0.017077039927244186 0.9829230308532715
1 0.05870111286640167 0.9412989020347595
1 0.15138746798038483 0.8486125469207764
1 0.020808111876249313 0.9791918992996216
1 0.04087424278259277 0.9591257572174072
1 0.03838806599378586 0.9616119265556335
1 0.11058657616376877 0.8894134759902954
1 0.020579971373081207 0.979420006275177
1 0.016228025779128075 0.9837719798088074
1 0.12490583956241608 0.8750941753387451
1 0.06466005742549896 0.9353398680686951
1 0.014013050124049187 0.9859868884086609
1 0.024909809231758118 0.9750901460647583
1 0.017734048888087273 0.9822659492492676
1 0.0536470040678978 0.9463529586791992
1 0.05393516272306442 0.9460647702217102
1 0.07506949454545975 0.9249305129051208
1 0.05522040277719498 0.9447795748710632
1 0.035264983773231506 0.9647349715232849
1 0.07184821367263794 0.9281517863273621
1 0.14467541873455048 0.8553246259689331
1 0.14724794030189514 0.8527520298957825
1 0.019059330224990845 0.9809406399726868
1 0.017338097095489502 0.9826618432998657
1 0.15311677753925323 0.846883237361908
1 0.059970319271087646 0.9400297403335571
1 0.11607711762189865 0.8839229345321655
1 0.10482778400182724 0.8951722383499146
1 0.008208955638110638 0.9917910099029541
1 0.04044702276587486 0.9595530033111572
1 0.04040614888072014 0.9595938324928284
1 0.00648444052785635 0.9935156106948853
1 0.004750142805278301 0.99524986743927
1 0.3020382523536682 0.6979617476463318
1 0.006953300908207893 0.9930467009544373
0 0.9462141990661621 0.05378584563732147
1 0.09827391058206558 0.9017260670661926
1 0.06513885408639908 0.9348611235618591
1 0.16792640089988708 0.8320735692977905
1 0.10099875181913376 0.8990013003349304
1 0.03673114255070686 0.9632688760757446
1 0.02411934733390808 0.9758806824684143
1 0.05843036249279976 0.9415696859359741
1 0.056300561875104904 0.9436994791030884
1 0.07259804755449295 0.9274020195007324
1 0.10727857053279877 0.8927214741706848
1 0.05488849803805351 0.9451114535331726
1 0.09529092907905579 0.9047090411186218
1 0.11088008433580399 0.8891199231147766
1 0.09354840219020844 0.9064516425132751
1 0.04865008220076561 0.9513499140739441
1 0.025136681273579597 0.9748632907867432
1 0.05825508013367653 0.9417449235916138
1 0.08166269212961197 0.9183372855186462
1 0.07839806377887726 0.9216019511222839
1 0.042943306267261505 0.9570567607879639
1 0.09647416323423386 0.9035257697105408
1 0.05126652494072914 0.9487334489822388
0 0.9878910779953003 0.012108933180570602
0 0.9905210733413696 0.009478950873017311
0 0.7632440328598022 0.23675598204135895
0 0.9738315343856812 0.026168521493673325
1 0.014199606142938137 0.9858003854751587
1 0.019690705463290215 0.9803093671798706
1 0.014199606142938137 0.9858003854751587
1 0.056566230952739716 0.9434337019920349
